   0               0
   360             0
   400             1
   0               360
   719             360
   360             719
   0               719
   719             0
   719             360
   719             719
   3.6360000e+02   5.6070000e+02
   2.9790000e+02   5.4090000e+02
   2.5380000e+02   4.8510000e+02
   2.3760000e+02   4.3470000e+02
   2.3220000e+02   3.5460000e+02
   2.4840000e+02   2.6100000e+02
   2.8260000e+02   2.0520000e+02
   4.1850000e+02   2.0430000e+02
   4.6440000e+02   2.5920000e+02
   4.8690000e+02   3.4650000e+02
   4.8780000e+02   4.3380000e+02
   4.7520000e+02   4.8330000e+02
   4.4190000e+02   5.3280000e+02
   2.2590000e+02   4.2570000e+02
   2.1600000e+02   3.9420000e+02
   1.8810000e+02   3.4380000e+02
   1.9620000e+02   2.4840000e+02
   2.3940000e+02   1.4670000e+02
   3.0600000e+02   1.1970000e+02
   4.1760000e+02   1.2780000e+02
   5.0220000e+02   2.0610000e+02
   5.2470000e+02   2.8800000e+02
   5.1840000e+02   3.4920000e+02
   5.1120000e+02   3.9600000e+02
   4.9950000e+02   4.2570000e+02
   3.6000000e+02   3.3390000e+02
   3.5730000e+02   4.0500000e+02
   3.2130000e+02   3.9960000e+02
   3.9870000e+02   3.9690000e+02
   3.6090000e+02   4.4100000e+02
   2.9970000e+02   4.5450000e+02
   3.4380000e+02   4.8330000e+02
   3.7800000e+02   4.8150000e+02
   4.2300000e+02   4.5180000e+02
   3.6360000e+02   4.8600000e+02
   2.9790000e+02   3.3840000e+02
   4.1850000e+02   3.3840000e+02
   2.5020000e+02   3.3030000e+02
   2.8080000e+02   2.9790000e+02
   3.3210000e+02   3.0690000e+02
   3.8700000e+02   3.0510000e+02
   4.3110000e+02   2.9430000e+02
   4.7430000e+02   3.2400000e+02
