   3.5500000e+02   5.9100000e+02
   2.9400000e+02   5.7800000e+02
   2.4200000e+02   5.1300000e+02
   2.2900000e+02   4.3900000e+02
   2.2200000e+02   3.5700000e+02
   2.3200000e+02   2.5700000e+02
   2.7700000e+02   1.9900000e+02
   4.5200000e+02   1.8000000e+02
   4.8200000e+02   2.4500000e+02
   4.8900000e+02   3.2600000e+02
   4.8800000e+02   4.3700000e+02
   4.7200000e+02   5.1000000e+02
   4.3600000e+02   5.6400000e+02
   2.1500000e+02   4.2900000e+02
   2.0700000e+02   3.9100000e+02
   2.0100000e+02   3.3900000e+02
   2.0100000e+02   2.3500000e+02
   2.5000000e+02   1.2200000e+02
   3.1400000e+02   8.3000000e+01
   4.4300000e+02   9.3000000e+01
   5.0900000e+02   1.7600000e+02
   5.3100000e+02   2.7100000e+02
   5.3000000e+02   3.2900000e+02
   5.2000000e+02   3.8800000e+02
   5.0400000e+02   4.2100000e+02
   3.5600000e+02   3.2700000e+02
   3.5700000e+02   4.0100000e+02
   3.1300000e+02   4.0200000e+02
   3.9700000e+02   4.0000000e+02
   3.5800000e+02   4.5200000e+02
   2.9200000e+02   4.6700000e+02
   3.4300000e+02   5.0400000e+02
   3.8600000e+02   5.0200000e+02
   4.1900000e+02   4.6300000e+02
   3.6900000e+02   5.0200000e+02
   2.9200000e+02   3.3100000e+02
   4.2000000e+02   3.2900000e+02
   2.4400000e+02   3.3500000e+02
   2.8300000e+02   2.9000000e+02
   3.2600000e+02   2.9400000e+02
   3.9200000e+02   2.8700000e+02
   4.3500000e+02   2.8000000e+02
   4.6000000e+02   3.2100000e+02
