   3.6721851e+02   5.8445023e+02
   3.0787170e+02   5.5645645e+02
   2.4852488e+02   4.9934914e+02
   2.3060886e+02   4.4112208e+02
   2.2724961e+02   3.4930249e+02
   2.3956687e+02   2.6532115e+02
   2.6532115e+02   2.0261509e+02
   4.6239736e+02   2.0709409e+02
   4.9375039e+02   2.7203966e+02
   4.9822939e+02   3.5378149e+02
   4.9822939e+02   4.4896034e+02
   4.7359487e+02   5.0718740e+02
   4.2768507e+02   5.5757621e+02
   2.2053110e+02   4.3440358e+02
   2.0597434e+02   3.9297278e+02
   2.0373484e+02   3.3586547e+02
   1.9589658e+02   2.3844712e+02
   2.3956687e+02   1.4774728e+02
   2.9555443e+02   1.1639425e+02
   4.3328383e+02   1.1079549e+02
   5.2062442e+02   2.1381260e+02
   5.1950467e+02   3.1011120e+02
   5.1950467e+02   3.6050000e+02
   5.1838491e+02   3.7953577e+02
   5.0942691e+02   4.3552333e+02
   3.6945801e+02   3.3810498e+02
   3.7393701e+02   4.2432582e+02
   3.3026672e+02   4.0864930e+02
   4.0864930e+02   4.0417030e+02
   3.6721851e+02   4.5455910e+02
   3.0339269e+02   4.5903810e+02
   3.4034448e+02   4.9487014e+02
   3.8625428e+02   4.9375039e+02
   4.3776283e+02   4.6127760e+02
   3.6721851e+02   4.9934914e+02
   3.0227294e+02   3.3698523e+02
   4.3216407e+02   3.4034448e+02
   2.5076439e+02   3.3474572e+02
   2.8771617e+02   2.9891369e+02
   3.3922473e+02   3.0451244e+02
   4.1088880e+02   3.0451244e+02
   4.5008009e+02   2.9891369e+02
   4.8031337e+02   3.2242846e+02
