   3.6562953e+02   5.8806477e+02
   2.8915285e+02   5.6288342e+02
   2.3692487e+02   5.2371244e+02
   2.0708031e+02   4.6309067e+02
   2.0521503e+02   3.4837565e+02
   2.2200259e+02   2.4765026e+02
   2.5930829e+02   1.8889378e+02
   4.8127720e+02   1.8516321e+02
   5.1112176e+02   2.5324611e+02
   5.2324611e+02   3.4930829e+02
   5.1298705e+02   4.6309067e+02
   4.8687306e+02   5.1718394e+02
   4.4770207e+02   5.5915285e+02
   1.9588860e+02   4.5469689e+02
   1.8656218e+02   3.9500777e+02
   1.8656218e+02   3.3718394e+02
   1.8189896e+02   2.5790933e+02
   2.0987824e+02   1.7397150e+02
   2.7236528e+02   1.0588860e+02
   4.6635492e+02   1.0961917e+02
   5.2324611e+02   1.7676943e+02
   5.4469689e+02   2.5884197e+02
   5.4469689e+02   3.4744301e+02
   5.3723575e+02   3.9873834e+02
   5.3257254e+02   4.5842746e+02
   3.6749482e+02   3.1386788e+02
   3.6749482e+02   3.8661399e+02
   3.2459326e+02   3.9034456e+02
   4.1039637e+02   3.9034456e+02
   3.6562953e+02   4.5189896e+02
   3.0034456e+02   4.6215803e+02
   3.5070725e+02   4.9293523e+02
   3.8801295e+02   4.9106995e+02
   4.2904922e+02   4.6309067e+02
   3.7309067e+02   5.0505959e+02
   2.9754663e+02   3.1853109e+02
   4.3464508e+02   3.1853109e+02
   2.3972280e+02   3.1480052e+02
   2.7702850e+02   2.8402332e+02
   3.2645855e+02   2.7936010e+02
   4.0853109e+02   2.8122539e+02
   4.5329793e+02   2.8495596e+02
   4.8407513e+02   3.0547409e+02
