   0               0
   360             0
   400             1
   0               360
   719             360
   360             719
   0               719
   719             0
   719             360
   719             719
   3.7170000e+02   6.0930000e+02
   2.7000000e+02   5.9580000e+02
   2.2950000e+02   4.8690000e+02
   2.1600000e+02   4.0950000e+02
   2.2320000e+02   3.2040000e+02
   2.3310000e+02   2.2680000e+02
   3.0330000e+02   1.5570000e+02
   4.4370000e+02   1.4670000e+02
   4.8600000e+02   2.2320000e+02
   5.0490000e+02   3.0600000e+02
   5.1570000e+02   4.1220000e+02
   5.0670000e+02   4.9770000e+02
   4.7880000e+02   5.9310000e+02
   2.1510000e+02   4.0050000e+02
   2.0160000e+02   3.5100000e+02
   2.0160000e+02   3.1230000e+02
   1.9440000e+02   2.1240000e+02
   2.3850000e+02   1.1250000e+02
   3.1230000e+02   5.4900000e+01
   4.3200000e+02   6.5700000e+01
   5.0760000e+02   1.7190000e+02
   5.3370000e+02   2.5560000e+02
   5.2830000e+02   3.0780000e+02
   5.2560000e+02   3.4470000e+02
   5.1660000e+02   3.9330000e+02
   3.6450000e+02   3.0690000e+02
   3.6180000e+02   3.8070000e+02
   3.2490000e+02   3.6900000e+02
   4.0140000e+02   3.6720000e+02
   3.6540000e+02   4.1490000e+02
   2.9970000e+02   4.3830000e+02
   3.4380000e+02   4.6530000e+02
   3.9510000e+02   4.6530000e+02
   4.3110000e+02   4.2750000e+02
   3.6900000e+02   4.7430000e+02
   2.9520000e+02   3.0960000e+02
   4.3020000e+02   3.0510000e+02
   2.5200000e+02   3.1770000e+02
   2.8890000e+02   2.6730000e+02
   3.3480000e+02   2.7990000e+02
   3.9150000e+02   2.7450000e+02
   4.4730000e+02   2.5830000e+02
   4.7610000e+02   3.1140000e+02
