   3.8437755e+02   5.7539796e+02
   3.2315306e+02   5.6070408e+02
   2.8396939e+02   5.2641837e+02
   2.4111224e+02   4.4682653e+02
   2.3498980e+02   3.3662245e+02
   2.5458163e+02   2.6682653e+02
   2.9254082e+02   2.1907143e+02
   4.5784694e+02   2.1662245e+02
   4.9703061e+02   2.6315306e+02
   5.0682653e+02   3.3539796e+02
   4.9825510e+02   4.5172449e+02
   4.6396939e+02   5.2641837e+02
   4.3213265e+02   5.5825510e+02
   2.2029592e+02   4.2968367e+02
   2.0560204e+02   3.8805102e+02
   2.1172449e+02   3.2927551e+02
   2.1539796e+02   2.4356122e+02
   2.4601020e+02   1.7376531e+02
   2.9866327e+02   1.3335714e+02
   4.3458163e+02   1.3213265e+02
   5.1662245e+02   2.1539796e+02
   5.2396939e+02   2.9866327e+02
   5.1662245e+02   3.5009184e+02
   5.1539796e+02   3.9050000e+02
   5.1050000e+02   4.3335714e+02
   3.8682653e+02   3.3662245e+02
   3.9662245e+02   4.3703061e+02
   3.5131633e+02   4.3335714e+02
   4.2233673e+02   4.3335714e+02
   3.8927551e+02   4.7254082e+02
   3.3050000e+02   4.8601020e+02
   3.6968367e+02   5.0192857e+02
   4.0396939e+02   5.0315306e+02
   4.4437755e+02   4.9090816e+02
   3.8805102e+02   5.1172449e+02
   3.2560204e+02   3.5131633e+02
   4.4805102e+02   3.5376531e+02
   2.7539796e+02   3.1213265e+02
   3.1458163e+02   2.9376531e+02
   3.5866327e+02   3.1703061e+02
   4.1498980e+02   3.1947959e+02
   4.4560204e+02   2.9866327e+02
   4.8723469e+02   3.0478571e+02
