   3.7300000e+02   5.5500000e+02
   3.0900000e+02   5.3200000e+02
   2.6400000e+02   4.7400000e+02
   2.5000000e+02   4.2300000e+02
   2.3600000e+02   3.2800000e+02
   2.5100000e+02   2.5500000e+02
   2.8600000e+02   1.7600000e+02
   4.6200000e+02   1.8000000e+02
   4.9200000e+02   2.5900000e+02
   5.0900000e+02   3.1500000e+02
   4.9700000e+02   4.1100000e+02
   4.8000000e+02   4.7300000e+02
   4.3900000e+02   5.2800000e+02
   2.3800000e+02   4.1900000e+02
   2.1500000e+02   3.7600000e+02
   2.1600000e+02   3.2800000e+02
   2.0800000e+02   2.4600000e+02
   2.5300000e+02   1.4700000e+02
   3.1700000e+02   1.0500000e+02
   4.5000000e+02   1.1300000e+02
   5.3200000e+02   2.1300000e+02
   5.4000000e+02   2.6100000e+02
   5.4200000e+02   3.2000000e+02
   5.4000000e+02   3.7000000e+02
   5.1400000e+02   4.0700000e+02
   3.6900000e+02   3.2500000e+02
   3.6700000e+02   3.9400000e+02
   3.3100000e+02   3.9100000e+02
   3.9800000e+02   3.9200000e+02
   3.6800000e+02   4.3800000e+02
   3.1600000e+02   4.4500000e+02
   3.5200000e+02   4.6600000e+02
   3.9500000e+02   4.6600000e+02
   4.3300000e+02   4.4500000e+02
   3.7700000e+02   4.6900000e+02
   3.1000000e+02   3.2400000e+02
   4.3100000e+02   3.2100000e+02
   2.7100000e+02   3.3400000e+02
   3.0000000e+02   2.9400000e+02
   3.3500000e+02   3.0200000e+02
   4.0100000e+02   2.9400000e+02
   4.4100000e+02   2.8600000e+02
   4.6900000e+02   3.1100000e+02
