   3.5825000e+02   6.1775000e+02
   2.9287569e+02   5.8591436e+02
   2.4381492e+02   5.2359392e+02
   2.1862155e+02   4.2812431e+02
   2.1862155e+02   3.3398066e+02
   2.2922928e+02   2.6105249e+02
   2.6635635e+02   1.6956077e+02
   4.5596961e+02   1.7619061e+02
   4.9044475e+02   2.6105249e+02
   5.0370442e+02   3.3398066e+02
   5.0370442e+02   4.3873204e+02
   4.7585912e+02   5.2491989e+02
   4.2812431e+02   5.8591436e+02
   2.1199171e+02   4.1884254e+02
   2.0138398e+02   3.6447790e+02
   2.0005801e+02   3.1409116e+02
   1.9740608e+02   2.4248895e+02
   2.2922928e+02   1.3110773e+02
   3.1939503e+02   7.0113260e+01
   4.3475414e+02   7.6743094e+01
   5.3685359e+02   2.1199171e+02
   5.3817956e+02   2.9022376e+02
   5.4613536e+02   3.1939503e+02
   5.3817956e+02   3.7508564e+02
   5.0900829e+02   4.3608011e+02
   3.5519613e+02   3.4061050e+02
   3.5784807e+02   4.4668785e+02
   3.1143923e+02   4.2679834e+02
   4.0293094e+02   4.2414641e+02
   3.5387017e+02   4.9044475e+02
   2.9154972e+02   4.8514088e+02
   3.2602486e+02   5.0635635e+02
   3.7773757e+02   5.0503039e+02
   4.2016851e+02   4.8646685e+02
   3.5652210e+02   5.1696409e+02
   2.8757182e+02   3.3928453e+02
   4.3077624e+02   3.4061050e+02
   2.2790331e+02   3.2204696e+02
   2.6503039e+02   2.9420166e+02
   3.2602486e+02   3.1011326e+02
   3.8569337e+02   3.1409116e+02
   4.4933978e+02   2.9552762e+02
   4.8779282e+02   3.1674309e+02
