   3.5600000e+02   5.6300000e+02
   2.7700000e+02   5.4500000e+02
   2.3100000e+02   5.0000000e+02
   2.2400000e+02   4.6600000e+02
   2.2000000e+02   3.7400000e+02
   2.2900000e+02   2.8300000e+02
   2.5500000e+02   2.2200000e+02
   4.4500000e+02   2.1800000e+02
   4.7800000e+02   2.7700000e+02
   4.9300000e+02   3.6900000e+02
   4.8600000e+02   4.6200000e+02
   4.8100000e+02   5.0300000e+02
   4.4700000e+02   5.4800000e+02
   2.0400000e+02   4.6000000e+02
   1.8900000e+02   4.1500000e+02
   1.9300000e+02   3.7800000e+02
   1.7600000e+02   2.9500000e+02
   2.0300000e+02   2.0400000e+02
   2.8100000e+02   1.2900000e+02
   4.3600000e+02   1.3500000e+02
   5.3100000e+02   2.4900000e+02
   5.3100000e+02   3.2900000e+02
   5.1900000e+02   3.6900000e+02
   5.3300000e+02   4.3700000e+02
   5.1200000e+02   4.6800000e+02
   3.5100000e+02   3.4600000e+02
   3.5600000e+02   4.3400000e+02
   3.2000000e+02   4.3000000e+02
   3.9800000e+02   4.2600000e+02
   3.6100000e+02   4.7100000e+02
   3.0000000e+02   4.8400000e+02
   3.3300000e+02   5.0200000e+02
   3.8200000e+02   5.0300000e+02
   4.2400000e+02   4.7900000e+02
   3.6100000e+02   5.0600000e+02
   2.9200000e+02   3.4900000e+02
   4.2400000e+02   3.5000000e+02
   2.3700000e+02   3.4900000e+02
   2.8300000e+02   3.1100000e+02
   3.2000000e+02   3.2100000e+02
   3.8400000e+02   3.1800000e+02
   4.4600000e+02   3.1100000e+02
   4.7500000e+02   3.4000000e+02
