0   0  
450 0  
500 1  
0   600
899 0
899 1199
0 1199
194 584
198 639
205 691
212 743
229 792
262 834
307 864
357 888
412 893
465 881
509 853
550 821
579 782
596 735
603 686
605 638
607 587
232 555
259 531
296 526
335 528
373 537
452 536
487 524
523 520
558 525
580 551
413 577
413 615
414 652
414 689
368 708
390 714
413 721
435 715
456 708
280 579
302 563
331 564
356 587
330 591
301 591
462 586
485 563
513 561
535 576
515 589
487 590
307 750
349 750
387 747
411 752
434 746
466 748
500 750
468 788
436 803
411 807
386 805
346 789
320 754
387 760
411 763
434 759
486 754
435 780
411 784
