0   0  
450 0  
500 1  
0   600
899 0
899 1199
0 1199
338 568
342 625
349 680
356 736
373 791
404 841
444 887
491 924
545 933
598 920
643 884
682 842
711 794
727 743
733 689
738 635
742 581
378 546
408 521
450 515
488 524
523 543
574 547
609 530
646 523
684 531
710 556
547 580
547 617
547 652
547 689
506 711
526 717
547 724
567 717
584 710
418 582
442 568
472 570
498 591
470 597
440 596
591 595
617 574
647 574
670 588
649 601
619 601
453 767
484 757
521 752
545 757
571 751
604 755
632 765
607 818
573 843
545 848
518 845
481 823
465 771
520 771
545 773
571 769
620 769
573 806
546 812
