0   0  
450 0  
500 1  
0   600
899 0
899 1199
0 1199
230 543
235 598
241 651
249 706
268 756
304 796
350 829
398 858
449 867
499 855
545 823
589 789
623 749
640 701
647 648
652 597
656 546
266 507
294 479
335 470
376 474
415 490
489 492
524 477
563 473
601 482
626 509
451 529
452 563
452 596
452 631
404 655
426 662
450 670
473 663
494 656
315 529
340 511
370 513
395 539
368 540
338 539
505 541
530 516
559 515
582 533
561 543
532 543
346 709
389 708
428 706
450 710
472 705
509 708
549 709
512 750
476 766
451 769
426 767
387 750
360 714
427 722
450 724
473 721
536 715
474 739
451 743
