0   0  
450 0  
500 1  
0   600
899 0
899 1199
0 1199
200 568
205 621
211 672
217 724
232 774
262 814
306 846
354 874
407 884
461 874
508 845
553 814
585 774
603 724
608 669
613 616
615 560
221 522
243 496
278 491
313 501
346 518
443 514
477 495
514 484
552 489
577 513
394 558
395 593
395 628
395 664
353 682
373 692
397 699
421 690
443 681
265 565
287 550
315 551
343 570
315 577
286 578
452 568
480 546
508 544
532 558
510 572
481 573
313 739
347 736
377 733
399 737
421 732
454 734
493 738
456 759
424 766
401 769
378 767
347 761
326 742
378 750
400 752
422 749
479 741
422 745
400 747
