0   0  
450 0  
500 1  
0   600
899 0
899 1199
0 1199
205 511
211 571
220 629
228 689
247 743
285 788
334 826
385 860
444 869
503 857
555 821
603 780
640 736
660 683
668 624
676 567
682 508
244 474
274 441
317 432
360 442
399 463
485 461
525 440
567 430
612 438
642 469
443 509
442 551
442 594
442 636
393 659
417 665
442 671
467 664
491 659
296 518
322 502
353 503
379 524
351 529
320 528
509 522
535 500
565 498
592 512
568 523
537 525
333 711
378 713
417 707
442 712
466 707
504 713
549 709
505 745
467 761
442 763
415 761
377 747
351 716
417 727
442 730
467 728
532 715
466 724
441 726
