0   0  
450 0  
500 1  
0   600
899 0
899 1199
0 1199
225 543
229 598
236 653
245 707
265 756
300 795
346 825
393 851
443 859
491 850
536 822
581 791
613 751
631 702
639 648
647 596
651 543
265 501
294 475
333 467
373 472
411 488
484 489
520 475
558 469
596 478
621 504
448 528
448 560
448 592
448 626
405 659
425 665
446 669
467 665
487 659
310 528
334 508
364 509
390 537
363 542
332 541
501 539
526 512
556 511
578 531
558 544
528 544
364 732
398 721
429 712
447 717
466 712
496 720
530 730
497 753
467 762
447 764
427 763
397 754
377 733
429 733
447 734
466 733
517 732
466 733
447 735
