0   0  
450 0  
500 1  
0   600
899 0
899 1199
0 1199
282 587
287 649
294 707
302 766
320 821
348 873
387 919
432 959
487 973
542 961
589 925
631 883
663 834
686 780
697 720
708 662
716 598
314 561
340 537
378 532
417 540
453 558
541 559
578 541
617 535
656 543
682 569
495 601
494 645
492 689
490 734
440 748
463 760
489 770
517 761
541 752
358 608
382 594
410 596
440 614
410 618
381 618
552 618
581 599
611 600
635 616
611 624
582 623
389 790
430 801
465 807
488 813
512 809
549 805
591 796
551 835
513 849
487 851
462 847
426 831
404 799
464 824
488 828
513 826
574 804
513 820
487 822
