0   0  
450 0  
500 1  
0   600
899 0
899 1199
0 1199
184 568
189 619
193 671
200 725
217 775
249 820
292 861
340 898
395 910
450 898
496 861
540 819
572 773
590 721
595 666
598 613
600 558
209 539
232 515
267 513
302 520
333 537
427 531
461 512
497 503
534 505
562 527
381 572
381 610
380 647
380 685
336 693
358 705
382 713
408 702
431 691
253 579
276 568
304 569
330 584
303 588
275 588
438 580
465 562
492 560
516 570
494 581
466 582
286 741
321 736
358 737
384 742
413 736
454 734
495 735
457 783
417 801
386 805
358 802
320 785
298 745
358 751
384 754
413 750
482 739
415 781
386 785
