0   0  
450 0  
500 1  
0   600
899 0
899 1199
0 1199
217 503
220 558
227 610
235 662
252 712
282 753
326 783
373 808
427 813
481 804
526 777
565 746
593 706
608 658
615 607
620 557
624 505
256 472
283 451
320 446
357 448
395 456
468 454
503 442
538 438
574 442
598 463
432 500
432 537
432 573
433 610
391 633
411 639
432 644
452 639
471 632
300 502
323 486
352 487
377 510
351 516
322 516
481 508
505 484
533 482
555 497
536 512
507 513
350 700
381 689
411 681
430 686
449 680
478 686
509 696
479 713
452 722
432 724
411 723
382 715
363 700
411 700
431 702
450 699
495 697
451 695
431 697
