0   0  
450 0  
500 1  
0   600
899 0
899 1199
0 1199
271 528
277 592
287 653
298 712
315 770
341 825
380 870
425 908
479 921
534 910
580 875
620 834
651 783
670 726
684 666
699 605
708 541
305 509
332 482
373 475
415 485
452 504
531 507
567 488
608 482
649 489
675 515
489 550
487 592
486 634
485 677
439 701
460 711
484 717
509 712
531 703
349 557
374 539
407 540
436 564
406 574
372 574
545 566
575 543
607 543
631 562
608 578
575 576
400 774
434 773
464 770
484 777
504 771
534 775
570 774
535 803
506 815
484 817
462 815
432 804
415 778
463 789
484 793
505 790
555 778
505 781
484 785
