0   0  
450 0  
500 1  
0   600
899 0
899 1199
0 1199
337 549
340 608
348 666
357 722
373 776
403 824
442 865
485 900
538 909
592 899
636 868
673 829
701 784
716 733
724 678
734 622
739 565
375 523
404 498
444 491
484 501
519 521
570 524
605 507
644 500
682 508
707 534
543 559
542 594
542 629
542 666
503 697
521 701
540 706
559 703
576 699
414 559
438 546
468 547
494 570
467 576
435 575
587 574
614 552
644 552
667 567
646 581
615 582
459 772
489 757
520 748
537 754
556 749
585 759
613 774
586 798
557 807
537 809
517 807
488 798
473 773
519 775
537 776
556 775
599 775
556 773
537 775
