0   0  
450 0  
500 1  
0   600
899 0
899 1199
0 1199
249 578
254 635
263 688
273 742
293 792
325 832
373 859
424 877
477 883
531 876
578 854
620 824
647 782
663 731
670 678
677 624
678 568
279 520
307 495
348 487
389 491
430 505
498 502
536 486
577 477
618 483
648 507
465 545
465 578
466 611
467 645
427 678
447 684
469 687
491 682
512 674
328 553
352 537
382 535
410 559
382 564
351 564
522 555
549 531
580 529
605 545
582 558
551 559
390 763
420 744
451 732
472 736
493 730
525 739
557 755
527 770
498 776
476 778
453 777
423 774
403 760
451 754
473 754
494 752
544 754
495 749
474 751
