0   0  
450 0  
500 1  
0   600
899 0
899 1199
0 1199
251 629
255 684
261 737
271 792
294 841
330 884
379 917
432 945
486 952
537 940
581 912
625 876
656 832
675 782
682 726
684 671
684 616
281 581
312 557
352 551
392 554
429 567
500 563
537 547
578 538
620 541
652 566
467 601
468 638
468 673
469 710
422 727
446 735
471 744
497 733
520 722
332 609
358 599
383 600
408 616
382 614
357 613
528 611
552 593
578 590
605 599
581 605
555 607
369 789
406 777
444 773
474 776
503 771
542 772
582 779
546 821
508 838
477 843
446 841
407 828
382 790
445 783
475 785
504 781
568 781
506 819
476 823
