0   0  
450 0  
500 1  
0   600
899 0
899 1199
0 1199
184 522
186 580
195 636
206 691
221 743
250 784
293 814
343 835
394 844
445 837
492 819
534 791
562 752
578 703
590 650
605 596
612 538
240 481
270 460
308 454
345 460
380 476
469 477
500 462
534 458
566 467
587 490
420 523
421 552
421 581
422 611
378 646
397 652
416 657
435 654
453 648
285 530
309 514
338 515
362 539
336 543
306 542
467 539
489 517
517 517
540 534
518 544
490 544
322 717
360 704
393 695
412 701
431 696
457 706
488 721
455 741
428 746
408 748
387 746
356 739
336 718
391 719
411 720
430 719
475 721
428 719
409 720
