0   0  
450 0  
500 1  
0   600
899 0
899 1199
0 1199
194 547
196 605
203 661
213 716
230 766
262 807
306 837
355 857
407 867
458 857
505 834
548 805
577 768
595 723
607 673
618 623
624 570
251 503
281 483
318 478
355 485
390 501
480 503
511 488
544 484
577 493
597 516
432 548
431 580
431 610
431 641
383 670
405 676
426 683
447 678
465 671
298 553
322 539
350 541
374 561
348 565
320 564
476 563
500 544
527 544
549 559
527 567
500 566
318 725
361 721
399 717
420 722
441 718
471 723
505 727
470 754
440 764
417 767
394 765
358 753
333 729
398 741
420 743
441 741
491 731
440 738
418 739
