0   0  
450 0  
500 1  
0   600
899 0
899 1199
0 1199
201 515
207 577
219 636
229 697
250 751
287 794
334 829
385 860
441 871
497 860
547 831
595 795
632 750
653 695
663 632
674 571
681 508
246 473
276 444
319 436
360 444
399 464
484 461
523 440
565 430
608 439
636 469
443 517
443 557
443 597
443 637
397 667
419 673
442 678
466 673
488 667
294 522
321 506
353 506
379 531
351 535
318 534
506 529
532 503
564 500
591 516
568 529
535 532
350 738
388 728
420 718
442 724
463 718
496 728
533 735
497 764
465 775
442 778
418 777
386 767
367 740
419 742
442 743
464 742
517 739
463 737
441 739
