0   0  
450 0  
500 1  
0   600
899 0
899 1199
0 1199
174 569
174 622
178 672
184 722
202 769
233 809
272 845
317 874
371 883
426 876
474 847
518 813
551 773
571 724
577 672
582 621
585 569
211 538
239 517
275 515
310 524
345 538
407 535
445 524
480 519
517 522
545 542
376 574
374 607
373 642
371 676
335 699
353 707
372 714
392 708
411 701
250 577
274 567
303 568
327 586
301 591
272 590
427 588
452 570
482 569
506 581
484 594
454 595
291 746
325 748
354 750
373 754
394 750
425 751
461 748
426 782
394 793
372 794
351 792
322 780
304 752
353 766
373 768
394 767
446 755
393 766
372 768
