0   0  
450 0  
500 1  
0   600
899 0
899 1199
0 1199
271 480
274 535
280 588
290 641
308 688
336 729
375 763
416 789
462 799
510 791
553 767
596 737
628 698
649 651
661 599
671 547
678 492
304 434
332 413
368 407
404 413
436 429
514 433
550 421
585 417
621 423
646 445
474 476
472 510
471 544
470 579
432 609
450 615
469 620
488 616
507 611
345 477
369 465
397 466
423 484
397 489
368 489
526 488
553 472
581 474
604 486
581 497
552 495
388 668
420 661
450 656
469 661
489 656
518 662
550 669
518 693
489 702
467 705
446 703
418 693
402 671
449 678
469 680
489 678
535 671
489 676
468 678
