0   0  
450 0  
500 1  
0   600
899 0
899 1199
0 1199
238 509
246 569
257 626
271 680
292 730
325 774
370 807
420 834
473 843
525 833
572 803
613 769
641 724
658 672
669 617
681 562
689 503
289 459
318 438
355 433
392 443
424 463
511 461
543 440
580 429
617 436
643 458
471 500
472 534
474 569
477 605
439 634
457 640
475 643
492 639
508 633
335 504
359 490
389 490
414 510
387 518
357 518
524 509
549 489
579 489
601 504
580 517
550 517
391 716
424 698
455 686
473 690
491 684
519 694
548 710
520 733
494 743
475 745
455 745
425 738
407 716
454 710
474 711
492 708
533 711
492 707
474 709
