0   0  
450 0  
500 1  
0   600
899 0
899 1199
0 1199
196 553
195 611
199 669
210 726
233 780
266 831
304 878
345 920
400 932
458 924
507 887
550 843
590 796
618 745
633 687
641 628
644 568
221 502
241 472
276 461
313 465
350 479
449 489
490 479
531 480
570 493
598 521
395 549
392 593
390 637
387 681
337 703
362 711
390 721
420 711
449 703
259 551
284 539
312 542
340 564
309 564
281 561
465 568
492 551
521 551
548 565
522 571
492 570
282 758
322 758
364 757
395 763
424 756
471 757
521 755
475 813
428 840
395 843
362 839
320 814
300 767
363 781
394 784
424 780
502 763
426 801
396 805
