0   0  
450 0  
500 1  
0   600
899 0
899 1199
0 1199
234 494
236 550
241 602
251 654
272 701
303 742
343 776
385 805
433 814
479 806
519 777
559 745
589 706
608 660
619 610
627 560
632 508
273 455
302 434
338 429
374 435
407 451
483 453
518 442
551 437
586 443
611 466
444 496
443 532
441 568
440 604
401 628
420 635
439 642
458 635
476 629
315 495
339 482
367 484
392 505
366 508
337 508
493 509
520 489
548 489
569 503
549 514
521 513
353 678
388 675
420 672
440 677
462 671
491 674
521 677
493 706
464 719
441 722
419 720
387 707
366 682
420 694
441 695
462 692
508 681
463 692
441 695
