0   0  
450 0  
500 1  
0   600
899 0
899 1199
0 1199
165 510
165 569
171 625
180 681
192 734
213 783
247 821
288 852
338 865
392 863
444 842
489 812
525 771
549 721
565 668
582 611
593 550
194 465
220 437
262 429
301 440
336 462
418 468
459 453
502 449
544 464
567 500
374 511
370 553
366 595
361 638
314 658
335 667
358 676
382 671
406 666
238 507
263 496
291 499
315 521
288 522
259 518
438 532
465 514
493 516
515 532
492 540
464 537
263 719
299 716
332 714
354 721
378 718
409 727
442 739
406 761
373 770
347 770
322 765
291 750
276 723
329 736
352 741
377 741
428 740
375 741
351 741
