0   0  
450 0  
500 1  
0   600
899 0
899 1199
0 1199
160 568
165 620
171 670
180 720
199 766
230 804
271 836
314 864
365 871
416 864
462 839
506 809
539 772
557 726
564 674
569 622
572 569
196 535
223 515
260 513
295 521
329 535
390 529
427 518
464 512
501 516
530 535
361 571
359 603
358 636
357 669
324 696
342 703
360 707
378 702
395 696
235 576
258 563
287 564
312 582
286 588
257 588
413 582
437 563
466 562
491 574
469 586
440 587
291 764
316 754
343 748
361 753
380 749
409 756
438 766
411 792
383 801
362 803
342 801
316 790
304 766
343 768
361 770
381 768
425 767
381 768
362 770
