0   0  
450 0  
500 1  
0   600
899 0
899 1199
0 1199
190 551
189 611
195 672
206 731
226 786
256 837
291 881
334 917
386 927
443 919
493 887
536 845
574 802
602 751
618 694
627 636
632 576
217 491
239 461
276 450
313 455
348 472
443 483
484 473
525 473
563 487
588 516
392 546
388 589
385 632
382 675
332 704
357 710
382 718
410 710
438 705
252 550
277 537
307 541
334 564
304 566
274 563
457 569
486 551
516 552
541 567
516 576
486 574
281 778
318 766
357 759
383 766
411 759
453 768
492 777
455 823
413 843
382 846
353 843
315 823
298 785
356 788
382 789
411 787
474 783
412 801
383 803
