0   0  
450 0  
500 1  
0   600
899 0
899 1199
0 1199
239 487
247 546
255 602
267 656
290 705
326 748
373 782
422 812
474 821
523 811
569 780
611 745
642 702
662 652
671 598
680 545
688 489
291 444
319 421
357 415
395 424
428 444
512 442
547 423
584 414
620 421
645 445
473 479
474 515
476 552
478 589
433 612
454 618
476 625
497 618
515 611
341 486
365 474
392 473
414 489
391 493
365 494
528 489
552 473
578 473
600 487
578 493
552 493
370 666
412 665
450 662
472 665
494 661
528 662
567 662
530 693
497 705
473 709
449 708
412 698
386 671
449 683
472 685
495 681
552 667
495 678
473 681
