0   0  
450 0  
500 1  
0   600
899 0
899 1199
0 1199
205 466
210 526
218 584
226 641
243 694
276 738
321 772
373 797
429 804
482 795
529 767
569 733
596 691
609 641
618 590
628 540
635 484
249 437
278 413
317 403
358 407
396 424
477 427
514 413
553 411
590 422
614 451
437 472
437 515
438 558
438 600
389 614
411 622
436 632
460 623
481 613
295 479
320 468
348 470
375 487
347 491
319 490
489 492
516 477
543 477
567 489
544 498
516 497
333 660
374 660
409 659
436 665
461 658
490 657
519 662
492 693
462 709
435 713
408 710
371 694
347 665
408 681
435 683
461 679
505 666
462 678
436 681
