0   0  
450 0  
500 1  
0   600
899 0
899 1199
0 1199
199 508
206 571
217 630
227 687
246 740
280 782
326 812
378 833
430 837
479 829
524 806
564 776
590 734
603 683
614 631
626 578
633 520
243 466
273 442
314 432
356 437
394 453
475 455
512 442
552 440
589 452
613 481
437 507
438 547
439 586
440 626
393 648
414 655
436 662
456 657
474 649
288 513
314 499
344 501
373 521
344 527
313 527
486 527
515 508
545 508
568 523
546 535
515 534
343 712
381 701
414 696
435 701
456 696
483 701
509 712
484 736
458 746
435 749
413 746
380 736
357 713
412 716
434 718
456 715
496 713
458 716
435 719
