0   0  
450 0  
500 1  
0   600
899 0
899 1199
0 1199
209 504
214 558
222 609
230 660
248 709
278 751
315 790
360 826
411 840
462 831
508 797
548 760
578 718
597 672
608 620
616 569
619 517
252 480
279 463
314 464
347 471
378 489
462 494
491 478
523 472
556 476
582 493
419 526
417 564
414 602
412 641
374 649
391 660
412 668
433 660
452 651
294 522
317 509
344 511
368 532
342 536
314 535
468 536
491 518
518 517
541 531
519 543
492 543
337 694
369 692
395 689
415 694
433 689
460 693
490 697
462 724
435 734
415 736
395 733
368 720
351 698
395 707
414 709
433 707
476 700
435 706
416 708
