0   0  
450 0  
500 1  
0   600
899 0
899 1199
0 1199
201 485
204 533
208 579
212 627
224 673
251 710
291 740
334 765
385 776
437 770
482 748
522 720
552 683
568 639
577 590
585 542
590 493
228 448
250 422
283 411
319 412
353 424
429 424
464 412
501 413
535 426
557 452
391 469
390 499
389 528
388 558
350 587
368 593
387 599
407 594
427 589
268 474
290 460
316 460
342 480
316 484
289 484
440 482
465 463
491 463
514 478
491 487
465 486
301 635
334 634
364 633
384 637
404 634
434 639
472 645
434 660
403 662
382 663
360 660
332 654
314 639
363 649
384 651
404 650
458 647
403 645
383 644
