0   0  
450 0  
500 1  
0   600
899 0
899 1199
0 1199
229 489
239 548
252 605
262 662
278 716
311 758
358 789
406 814
460 823
515 816
567 793
618 763
653 720
670 663
676 603
686 543
694 478
271 456
300 436
339 432
378 438
413 452
504 450
541 435
579 428
619 433
649 455
459 488
459 526
459 563
459 601
419 626
440 631
461 636
482 630
504 625
319 495
344 484
371 485
397 503
370 508
342 507
525 504
550 486
576 484
601 495
579 506
551 507
376 688
412 679
442 672
465 676
487 672
518 677
559 683
520 701
489 707
465 709
443 708
412 704
391 689
442 689
465 690
487 689
544 685
487 685
465 687
