0   0  
450 0  
500 1  
0   600
899 0
899 1199
0 1199
204 546
208 597
214 646
220 697
237 744
266 786
303 827
347 865
400 880
452 870
498 836
538 799
568 758
587 711
598 662
605 614
609 564
246 525
273 506
308 505
342 513
372 530
456 534
487 521
519 515
552 519
576 539
414 567
412 606
409 646
406 685
363 688
383 699
406 709
429 700
450 691
289 562
312 550
338 553
361 572
336 575
310 574
462 577
485 560
511 560
533 572
512 583
487 583
310 712
350 721
384 723
404 728
427 724
459 725
495 721
459 758
426 772
402 774
380 771
346 753
325 720
383 739
404 742
426 740
479 727
426 747
404 749
