0   0  
450 0  
500 1  
0   600
899 0
899 1199
0 1199
214 526
214 579
216 631
223 681
245 726
281 761
327 787
377 810
427 818
475 811
519 788
559 762
590 730
609 688
619 642
625 597
627 551
265 472
288 442
323 430
360 435
393 453
496 458
527 444
560 444
591 460
606 493
446 513
444 548
443 581
441 616
394 637
415 645
436 652
458 647
478 642
310 516
332 502
358 504
380 523
357 526
330 525
495 529
519 512
544 513
564 528
545 535
519 534
345 689
385 688
417 686
435 692
454 687
480 693
509 695
479 714
453 720
432 722
413 720
381 710
358 692
416 705
434 708
454 706
496 699
454 699
434 701
