0   0  
450 0  
500 1  
0   600
899 0
899 1199
0 1199
207 493
212 545
220 595
226 644
239 691
265 728
304 756
347 777
394 785
442 780
487 762
527 737
554 700
570 654
580 606
590 557
597 504
234 455
255 429
290 418
327 419
363 432
435 435
470 421
508 419
543 431
567 456
399 475
398 503
397 531
396 560
361 597
378 602
394 606
413 603
431 598
274 482
297 466
324 466
350 486
324 490
296 491
448 488
474 468
502 469
525 485
502 495
474 494
318 659
349 651
375 646
391 649
408 647
436 654
469 665
435 678
408 679
391 679
373 677
348 673
330 660
373 660
391 662
408 661
457 665
408 661
391 661
