0   0  
450 0  
500 1  
0   600
899 0
899 1199
0 1199
252 514
263 578
275 640
286 700
308 757
345 802
392 838
440 869
493 879
546 869
592 839
640 804
676 757
694 697
699 634
706 571
713 507
297 491
326 467
365 461
405 466
442 481
536 479
572 465
611 460
649 467
677 490
491 523
492 560
492 596
493 634
445 655
469 660
493 666
517 660
539 655
348 527
374 517
401 517
426 534
400 537
373 536
554 536
579 519
605 518
630 528
607 537
580 539
382 709
424 699
466 696
493 699
522 696
564 700
606 709
567 755
525 772
494 774
465 772
422 755
395 711
466 705
493 707
522 705
593 712
524 753
494 755
