0   0  
450 0  
500 1  
0   600
899 0
899 1199
0 1199
242 441
248 500
256 557
265 615
282 668
312 716
351 757
394 789
446 800
496 791
539 758
577 717
607 670
627 619
640 563
648 510
655 453
269 410
293 377
335 363
378 365
417 383
483 387
521 371
561 369
599 383
621 414
449 431
448 471
447 511
446 552
401 569
422 579
445 588
468 580
489 571
315 433
342 418
371 419
396 442
369 447
339 446
500 445
526 422
554 422
578 438
556 450
528 450
365 638
395 628
425 624
447 629
472 624
502 629
531 639
503 670
474 683
447 686
422 683
393 670
377 640
424 641
447 644
472 641
519 640
474 661
447 664
