0   0  
450 0  
500 1  
0   600
899 0
899 1199
0 1199
220 477
226 536
235 592
246 647
262 700
290 745
329 785
372 818
423 827
475 819
518 788
557 749
585 703
601 651
610 595
618 539
625 482
248 446
272 414
313 399
356 401
396 419
461 423
498 406
540 404
578 420
599 453
427 469
426 508
425 547
425 586
385 612
404 620
424 627
445 621
465 613
294 472
318 456
348 457
375 481
347 487
316 486
477 485
503 461
533 460
557 478
535 492
504 492
343 678
375 671
403 667
423 673
444 668
472 675
504 685
471 704
444 709
422 711
400 708
373 700
356 681
402 687
423 690
444 689
490 687
444 687
423 689
