0   0  
450 0  
500 1  
0   600
899 0
899 1199
0 1199
258 564
262 625
265 684
269 744
286 799
319 844
365 880
412 908
471 915
528 907
577 880
625 846
658 802
674 745
677 684
681 625
684 564
300 517
323 486
362 474
403 477
443 491
511 491
551 477
591 474
630 487
651 521
479 532
481 569
482 606
484 644
436 675
458 684
482 692
504 685
525 675
349 539
371 523
399 524
423 545
397 549
370 548
534 545
558 524
585 524
608 540
586 549
559 549
389 754
424 741
456 735
480 740
503 735
532 739
560 751
531 762
504 766
479 768
454 767
423 764
403 753
456 752
480 754
503 751
547 750
503 748
479 750
