0   0  
450 0  
500 1  
0   600
899 0
899 1199
0 1199
158 565
159 623
163 680
170 737
192 793
229 838
278 870
329 898
388 906
447 897
498 869
549 838
587 796
609 741
617 682
620 624
621 564
198 512
222 482
263 472
303 479
343 494
425 486
463 468
504 463
543 476
567 507
386 536
386 578
386 620
386 663
336 691
360 698
385 705
410 699
433 692
250 539
275 527
302 528
328 546
301 546
274 545
443 547
468 529
495 529
521 540
497 547
470 548
288 761
327 759
361 756
385 762
411 756
442 759
477 761
442 776
411 781
384 783
359 781
326 776
301 763
360 768
385 772
411 768
464 763
411 764
385 766
