0   0  
450 0  
500 1  
0   600
899 0
899 1199
0 1199
268 601
268 661
271 718
271 778
282 835
310 885
347 930
390 969
445 984
503 980
557 952
605 915
643 871
663 816
673 757
684 698
694 638
296 583
321 552
362 544
403 552
441 568
505 575
552 566
597 565
639 580
662 613
473 613
470 651
467 688
464 728
420 752
439 760
459 768
482 765
503 761
339 609
363 597
393 600
416 619
389 622
360 621
531 630
558 615
587 618
610 633
587 642
557 639
369 828
400 825
431 822
453 832
476 828
508 837
542 845
506 868
473 874
448 873
425 868
397 855
385 832
429 837
452 843
475 842
526 847
474 846
451 846
