0   0  
450 0  
500 1  
0   600
899 0
899 1199
0 1199
262 577
263 635
266 692
267 751
277 807
303 852
341 891
384 924
438 937
497 935
553 912
602 879
638 836
657 782
668 725
680 667
691 606
290 542
316 514
358 505
399 512
439 528
501 535
546 527
591 526
633 541
658 573
468 575
465 610
462 645
459 683
416 712
436 721
456 728
477 725
498 721
332 569
357 556
388 558
414 582
384 585
354 583
526 593
553 574
584 576
607 594
583 604
552 601
371 798
400 786
428 780
449 790
471 785
500 799
532 814
497 825
466 826
443 825
421 821
396 812
386 799
426 797
448 802
470 802
516 813
468 799
446 799
