0   0  
450 0  
500 1  
0   600
899 0
899 1199
0 1199
168 603
166 657
164 712
169 770
191 825
230 873
280 914
337 951
400 962
461 953
516 921
565 880
605 835
628 780
635 720
635 663
632 606
207 561
229 528
267 519
305 527
342 541
436 536
475 520
517 516
557 531
581 564
393 584
394 625
394 666
395 708
339 727
365 737
393 747
421 738
448 729
266 581
289 573
312 575
333 587
310 582
287 581
457 588
480 576
502 575
527 582
504 583
481 585
278 772
324 779
364 781
396 786
429 780
469 778
513 774
474 815
433 830
399 834
365 831
322 815
294 779
365 791
397 795
429 790
496 780
432 809
399 813
