0   0  
450 0  
500 1  
0   600
899 0
899 1199
0 1199
258 591
262 650
267 709
270 772
288 831
325 877
371 914
419 945
478 954
534 942
581 908
626 868
659 822
677 764
680 703
682 646
684 587
298 554
320 521
358 508
400 511
440 525
512 522
553 510
594 508
633 522
651 557
478 567
478 606
479 643
479 683
427 702
452 712
479 721
505 712
528 702
347 572
371 558
398 559
421 577
396 579
370 578
532 578
557 559
584 558
606 572
585 578
559 579
372 765
409 753
448 751
476 755
506 751
541 752
574 763
541 797
506 811
474 815
443 812
405 798
384 767
447 762
476 765
506 761
561 765
505 796
475 800
