0   0  
450 0  
500 1  
0   600
899 0
899 1199
0 1199
240 571
247 630
256 685
263 741
282 791
315 832
356 864
403 891
454 899
506 892
552 866
591 833
620 789
636 736
643 681
651 625
656 567
267 524
287 493
325 481
366 484
406 497
490 497
530 486
569 484
605 496
626 523
450 542
451 581
452 621
453 661
410 688
431 695
452 701
473 695
493 689
316 548
339 535
367 534
391 548
367 553
340 555
506 550
531 535
558 536
580 550
559 556
533 555
378 769
405 753
432 744
453 752
477 747
504 757
532 773
504 784
477 787
452 788
429 786
404 781
391 768
431 761
453 764
477 763
518 772
476 761
452 762
