0   0  
450 0  
500 1  
0   600
899 0
899 1199
0 1199
229 553
231 610
233 667
239 725
261 779
299 824
345 861
396 892
460 896
524 887
575 853
623 814
660 768
679 713
684 656
685 600
687 542
264 529
283 492
322 475
364 476
403 491
480 484
524 467
569 464
612 478
636 514
444 538
443 578
442 617
441 658
397 674
419 684
444 694
470 682
495 671
317 553
339 541
365 540
389 552
365 558
339 560
507 547
532 530
559 529
582 540
561 549
535 550
350 732
388 729
422 727
448 731
475 725
512 724
553 723
516 753
481 766
452 770
424 768
390 757
366 735
422 744
449 746
477 741
538 728
479 741
451 745
