0   0  
450 0  
500 1  
0   600
899 0
899 1199
0 1199
233 571
241 631
251 688
259 744
279 795
313 836
354 869
398 893
448 901
497 895
540 870
578 836
608 795
626 744
633 687
641 631
647 572
262 526
283 494
321 484
360 489
400 503
488 503
527 491
564 488
600 499
620 527
446 546
446 587
448 628
449 670
403 691
425 699
447 706
469 699
491 692
310 551
334 538
361 537
385 551
362 555
335 557
502 553
527 538
554 540
575 554
554 559
528 558
363 755
396 750
426 746
447 752
471 747
500 753
529 761
500 781
472 788
447 788
424 786
395 778
377 758
425 760
447 763
471 762
515 762
470 762
447 763
