0   0  
450 0  
500 1  
0   600
899 0
899 1199
0 1199
173 525
179 593
188 658
202 722
226 784
266 834
319 872
371 901
431 906
488 898
535 866
581 824
615 774
635 715
648 653
657 591
662 527
219 504
254 479
300 474
348 480
392 496
478 501
520 487
565 481
609 487
638 514
436 537
437 580
439 623
441 667
388 693
413 699
438 706
462 699
484 692
280 536
309 524
343 524
373 543
341 548
307 547
488 546
518 529
550 531
578 543
552 554
519 553
333 751
376 755
411 752
436 758
461 753
491 755
525 752
491 779
462 792
436 795
410 793
373 781
349 758
411 766
436 769
461 766
508 758
461 764
435 767
