0   0  
450 0  
500 1  
0   600
899 0
899 1199
0 1199
190 552
194 613
196 673
202 735
220 791
257 835
306 870
356 900
411 910
467 902
517 873
565 838
600 793
619 737
627 677
636 616
642 555
233 503
264 485
303 483
341 488
377 503
460 503
496 491
535 487
573 491
601 512
419 538
419 574
420 610
420 647
374 678
396 685
419 692
441 686
461 679
280 536
306 519
337 520
361 547
333 552
302 550
475 548
499 523
531 522
555 540
533 555
502 555
319 754
354 746
390 739
415 745
439 739
474 748
508 757
474 780
441 791
416 794
390 791
355 779
333 758
390 763
415 765
440 763
494 760
440 763
415 765
