0   0  
450 0  
500 1  
0   600
899 0
899 1199
0 1199
224 581
228 634
236 685
245 737
261 785
290 826
327 862
368 890
420 896
470 887
513 859
555 823
585 782
600 730
606 676
613 624
615 570
252 539
272 507
310 492
349 494
387 510
448 506
486 491
526 487
564 499
586 529
420 549
421 584
422 619
422 655
380 684
401 691
422 697
443 690
464 683
292 558
314 540
345 540
372 563
344 569
313 570
470 561
496 537
525 534
547 551
528 565
497 565
342 739
373 735
402 732
422 736
442 732
471 734
504 738
471 760
443 769
421 771
399 769
372 761
356 742
401 747
422 749
443 747
490 741
442 744
421 746
