0   0  
450 0  
500 1  
0   600
899 0
899 1199
0 1199
230 546
235 606
240 663
248 721
270 774
309 816
356 849
407 877
468 880
527 871
576 839
621 804
656 760
675 706
680 648
683 589
684 528
263 515
279 479
317 463
359 462
399 476
478 472
520 455
564 451
609 463
634 496
442 525
441 563
441 599
440 638
401 661
422 670
445 678
468 668
491 659
318 538
339 524
367 523
391 538
367 545
340 547
506 533
530 515
558 513
582 525
561 536
534 538
377 739
403 728
427 723
450 728
474 722
505 725
540 733
507 746
479 751
454 753
430 752
405 749
389 738
428 737
451 739
476 736
525 732
477 732
452 735
