0   0  
450 0  
500 1  
0   600
899 0
899 1199
0 1199
196 527
199 587
203 648
208 709
226 766
263 810
312 845
364 875
421 883
478 875
528 847
576 812
610 768
629 713
638 653
646 595
653 536
241 482
271 459
311 455
350 459
387 471
471 474
509 461
548 458
586 464
613 487
430 511
429 546
429 580
429 617
383 649
406 656
428 663
450 657
470 650
288 512
314 492
347 493
371 522
343 528
311 527
483 523
509 495
541 494
565 515
543 530
511 530
324 718
362 714
400 709
424 715
448 710
484 716
522 720
484 745
449 756
423 759
399 757
362 746
339 723
400 732
424 734
448 732
507 725
448 732
424 734
