0   0  
450 0  
500 1  
0   600
899 0
899 1199
0 1199
221 533
224 587
233 641
240 694
257 744
286 787
325 823
366 852
417 858
466 849
511 820
552 784
581 741
595 688
601 634
609 580
611 525
252 492
273 461
310 448
349 452
386 467
444 465
482 450
522 445
560 457
582 487
418 507
418 541
417 576
417 613
381 644
399 651
418 656
437 651
455 646
291 513
312 497
341 497
365 520
339 526
311 526
471 517
494 493
523 491
544 508
526 522
497 523
346 722
372 708
397 700
417 706
436 702
460 711
485 725
459 741
435 745
413 746
392 744
369 737
358 722
396 717
416 720
436 720
473 725
434 717
414 718
