0   0  
450 0  
500 1  
0   600
899 0
899 1199
0 1199
203 544
204 618
203 694
207 769
230 838
274 895
327 942
388 981
457 991
523 980
579 940
627 891
664 834
684 767
692 699
699 632
706 566
245 519
273 475
325 462
379 467
435 484
522 489
577 476
629 477
674 496
689 541
478 537
478 581
478 626
479 673
424 706
449 715
474 722
498 716
520 709
312 535
339 515
375 517
404 546
373 551
336 550
537 551
568 525
602 527
625 548
603 560
570 559
357 799
398 788
439 783
469 790
502 784
535 790
565 804
534 827
501 833
467 834
435 832
395 824
373 800
438 803
469 807
502 803
550 805
501 803
468 805
