0   0  
450 0  
500 1  
0   600
899 0
899 1199
0 1199
161 524
164 583
169 642
174 703
193 758
230 805
277 842
329 876
390 886
450 875
499 841
544 802
578 758
597 705
603 648
611 594
616 539
212 464
238 431
281 421
323 431
361 453
435 455
474 437
516 428
557 441
580 476
395 500
394 540
392 581
391 624
342 649
366 658
390 667
414 659
436 651
258 500
282 485
311 487
335 508
309 511
281 510
456 512
484 493
512 493
535 510
512 517
484 517
294 724
331 715
365 711
390 718
417 711
449 717
479 725
450 751
418 762
390 764
364 762
330 753
306 727
364 733
389 735
417 732
467 728
417 732
390 734
