0   0  
450 0  
500 1  
0   600
899 0
899 1199
0 1199
163 494
173 564
180 632
187 700
210 764
252 816
308 857
369 889
439 896
505 886
561 849
608 805
641 753
657 691
663 627
667 565
671 500
205 431
232 393
279 376
328 382
372 406
476 408
521 390
569 390
613 407
638 443
430 465
432 509
433 553
435 599
382 640
408 647
434 653
458 646
481 638
260 472
289 459
321 460
354 476
321 480
289 480
498 478
530 463
562 464
591 479
563 485
531 483
318 727
365 720
405 712
433 718
461 711
497 717
537 722
500 740
466 749
437 752
406 751
366 744
333 729
404 733
434 735
462 732
521 724
464 726
435 729
