0   0  
450 0  
500 1  
0   600
899 0
899 1199
0 1199
218 554
225 610
234 665
238 722
253 778
283 827
326 866
373 901
430 910
488 902
538 870
581 830
612 781
628 724
636 667
644 610
650 553
248 533
279 515
318 515
356 523
392 539
458 539
495 526
534 521
572 524
603 542
427 565
428 602
430 640
431 678
387 697
408 707
430 715
452 708
472 699
294 556
318 543
346 545
370 564
343 570
316 570
483 567
506 549
534 549
558 563
536 575
509 574
348 772
376 763
404 760
427 767
452 760
479 764
505 773
480 788
453 795
427 796
403 794
376 787
361 774
403 777
427 781
452 778
493 775
452 774
427 776
