0   0  
450 0  
500 1  
0   600
899 0
899 1199
0 1199
210 495
209 558
213 622
220 684
239 742
273 793
318 834
368 869
426 880
483 875
530 843
571 803
607 756
630 702
644 642
654 582
659 521
265 476
295 451
336 446
375 454
414 468
495 473
534 463
572 459
610 468
633 496
456 514
455 558
455 601
453 647
400 663
423 673
448 682
472 675
494 667
315 504
340 489
368 491
390 513
365 516
337 515
511 520
535 499
563 501
585 517
563 526
536 525
363 730
394 722
423 717
444 724
467 719
491 726
515 737
489 753
464 762
441 763
419 761
390 751
376 733
422 733
443 735
465 734
502 737
465 734
442 736
