0   0  
450 0  
500 1  
0   600
899 0
899 1199
0 1199
159 461
170 532
177 599
184 668
205 731
245 781
300 824
363 858
433 868
501 857
557 820
603 777
634 725
652 664
658 600
665 536
669 469
203 399
232 362
280 347
328 352
373 375
476 378
523 362
570 362
614 379
639 414
430 434
431 479
433 525
435 571
381 609
406 615
432 622
457 615
479 609
255 441
283 426
316 428
350 446
316 452
282 453
499 450
530 433
563 435
592 452
564 460
530 458
315 693
363 688
403 682
432 688
460 682
497 686
540 690
499 712
464 718
434 721
404 720
364 713
332 696
403 701
432 704
461 700
523 692
462 695
433 697
