0   0  
450 0  
500 1  
0   600
899 0
899 1199
0 1199
223 497
226 556
229 614
236 674
256 730
291 776
335 814
382 846
434 857
487 850
537 818
583 779
620 736
644 684
654 629
661 574
666 519
273 454
299 426
339 414
381 420
420 437
496 445
535 433
575 431
613 444
633 475
459 486
458 524
458 562
457 601
411 624
432 633
454 642
476 636
496 628
320 478
345 465
373 466
398 487
370 489
343 488
513 494
538 477
566 479
589 495
564 501
537 499
356 687
391 684
426 679
451 686
473 681
503 688
533 696
502 728
471 741
447 742
420 739
387 723
371 692
425 699
450 702
472 701
519 700
471 709
449 711
