0   0  
450 0  
500 1  
0   600
899 0
899 1199
0 1199
238 555
239 613
243 670
252 727
272 780
311 821
359 852
410 880
467 886
525 877
571 846
614 810
648 764
664 710
672 652
676 593
675 532
275 513
301 479
345 467
388 475
429 495
494 490
531 466
574 455
618 465
643 498
463 536
466 581
469 626
472 672
424 688
447 697
472 707
495 694
517 682
325 544
348 527
379 526
407 546
378 555
347 556
517 541
543 519
573 516
597 531
576 545
546 546
384 745
415 737
445 732
472 739
495 731
522 734
552 739
523 760
498 771
472 774
445 772
415 762
397 746
445 745
472 749
496 745
538 742
496 743
471 748
