0   0  
450 0  
500 1  
0   600
899 0
899 1199
0 1199
180 498
184 560
190 619
197 679
214 738
248 788
293 829
341 865
398 876
455 870
507 839
556 801
593 754
614 697
623 636
630 574
635 512
215 494
247 477
287 479
325 489
361 507
447 508
484 490
524 481
565 483
597 503
402 535
401 571
400 607
398 644
354 664
375 673
399 680
422 674
445 667
265 528
290 517
319 518
345 537
317 542
288 541
463 541
489 524
518 524
543 537
519 549
490 548
307 720
344 717
374 714
398 721
422 716
455 722
494 727
454 750
422 757
397 758
373 755
343 746
324 725
373 732
398 735
422 734
477 731
421 732
398 733
