0   0  
450 0  
500 1  
0   600
899 0
899 1199
0 1199
215 465
218 527
221 588
228 649
247 705
281 752
325 790
373 821
427 831
482 825
534 796
581 757
617 709
637 653
646 595
655 537
662 478
269 427
296 398
335 387
377 393
414 410
490 418
528 405
568 403
605 416
625 445
453 457
453 493
453 529
453 567
406 599
427 607
448 613
469 610
487 604
313 452
339 438
367 440
391 461
365 464
337 463
507 467
533 450
561 452
583 467
561 475
533 474
355 681
388 666
422 658
445 665
470 660
499 671
522 687
496 710
467 721
441 722
416 719
385 708
370 683
421 683
444 686
469 685
508 688
468 687
443 688
