0   0  
450 0  
500 1  
0   600
899 0
899 1199
0 1199
177 540
182 600
189 660
198 719
219 775
256 822
302 859
351 891
408 902
464 894
510 862
553 824
586 780
608 727
618 670
627 616
634 560
233 471
260 443
301 435
342 444
380 463
458 466
497 451
538 443
578 456
601 488
416 510
415 552
413 594
411 637
361 661
385 671
411 680
436 673
459 664
279 513
304 499
331 500
356 519
329 522
301 521
478 524
504 507
532 508
556 524
532 531
504 530
313 738
349 728
383 723
410 730
435 725
467 731
499 742
466 765
435 774
408 776
381 773
346 762
326 740
382 743
409 747
435 744
486 744
435 747
409 749
