0   0  
450 0  
500 1  
0   600
899 0
899 1199
0 1199
187 536
189 597
197 657
210 714
235 767
271 816
312 860
357 896
405 904
452 897
492 861
528 819
560 770
581 717
596 663
607 606
610 551
222 538
255 518
297 517
339 525
378 540
450 540
489 528
529 523
568 526
593 550
418 574
419 618
421 663
422 708
371 717
394 727
418 738
441 729
461 719
277 564
301 552
332 554
357 575
329 580
298 578
468 579
492 560
522 561
546 572
524 585
494 585
329 771
359 772
390 771
414 779
436 772
461 773
485 776
460 800
434 812
411 815
387 812
357 797
342 776
389 784
413 789
436 785
473 780
434 786
412 790
