0   0  
450 0  
500 1  
0   600
899 0
899 1199
0 1199
223 547
223 603
226 658
231 713
251 763
288 803
335 835
386 863
445 870
504 861
552 832
594 796
628 751
648 699
655 643
658 585
659 526
254 504
277 465
322 450
365 456
406 475
472 468
512 446
555 436
599 450
622 488
441 516
442 563
444 610
446 658
391 662
417 674
445 687
473 674
498 660
305 529
328 517
355 516
382 530
356 535
328 535
497 525
523 509
550 507
574 518
552 526
526 527
342 703
379 704
414 705
444 712
476 705
510 704
547 707
511 731
477 747
444 750
413 747
378 733
356 708
414 719
444 723
476 718
532 710
476 719
444 725
