0   0  
450 0  
500 1  
0   600
899 0
899 1199
0 1199
228 521
232 580
238 636
247 692
264 745
292 795
330 837
372 874
425 884
479 878
525 845
567 806
602 758
623 704
632 646
637 586
638 525
253 509
277 486
314 479
350 484
383 501
470 497
504 481
540 477
576 483
601 504
426 552
425 605
424 658
423 710
382 711
402 725
424 736
447 725
467 713
295 544
317 532
347 535
374 555
345 562
315 561
483 556
511 535
541 532
564 545
544 562
513 563
348 763
373 762
399 764
424 772
449 766
478 766
506 767
478 793
449 805
422 806
395 803
370 790
359 766
398 778
424 782
450 779
494 771
448 777
422 781
