0   0  
450 0  
500 1  
0   600
899 0
899 1199
0 1199
171 607
181 668
191 727
202 786
226 838
263 879
312 909
366 931
432 932
495 921
543 895
581 859
607 812
618 757
621 698
624 639
626 578
217 562
242 529
284 513
328 512
373 519
445 510
487 495
531 492
573 505
596 541
412 548
415 583
418 619
422 656
375 692
398 698
424 702
446 695
466 686
271 568
293 550
320 547
345 563
320 569
294 572
474 557
497 539
524 540
546 555
525 561
498 560
339 788
370 774
402 765
427 769
449 762
478 766
508 778
481 793
454 798
430 801
405 802
372 801
352 787
402 781
427 782
450 778
495 777
451 775
428 778
