0   0  
450 0  
500 1  
0   600
899 0
899 1199
0 1199
146 478
156 538
165 596
176 655
200 708
238 750
289 780
345 803
408 807
468 796
516 768
558 732
586 684
599 629
602 569
604 511
606 452
190 437
215 402
258 386
304 385
350 392
427 383
468 369
511 367
553 378
576 412
391 424
394 460
397 495
400 533
352 569
376 574
400 578
422 571
443 564
246 444
271 428
298 424
324 439
300 444
273 448
451 433
476 416
503 416
526 430
504 436
478 436
312 652
347 640
379 632
403 636
427 630
457 634
487 642
460 657
432 664
407 667
383 667
349 664
325 651
380 648
404 649
429 645
475 642
430 644
405 647
