0   0  
450 0  
500 1  
0   600
899 0
899 1199
0 1199
176 463
179 527
183 591
191 655
213 716
252 767
305 805
364 835
432 840
497 828
548 792
593 749
625 696
642 634
645 571
647 509
647 446
228 418
253 384
295 374
337 381
379 397
461 391
501 372
541 360
582 368
604 403
423 443
425 487
427 531
429 575
378 593
402 604
429 613
455 602
478 590
278 445
303 428
332 430
360 453
331 459
301 458
479 451
505 426
534 423
557 439
538 454
508 457
315 662
358 649
399 646
430 651
460 644
498 645
538 654
500 682
463 693
431 697
398 696
357 690
331 663
399 661
430 663
461 659
522 657
462 671
430 675
