0   0  
450 0  
500 1  
0   600
899 0
899 1199
0 1199
177 558
178 623
180 687
190 752
214 811
255 858
310 893
369 921
435 925
497 914
548 882
594 842
628 792
645 733
649 670
650 611
649 549
233 519
262 488
307 477
352 480
397 493
446 493
489 478
535 476
579 487
607 518
425 528
427 572
429 615
431 659
382 683
406 692
431 700
455 691
478 680
282 529
307 511
335 512
361 536
334 539
305 538
484 537
508 512
537 512
560 530
538 539
510 540
324 750
365 740
405 736
434 741
461 736
497 737
533 746
498 769
462 776
433 779
403 778
364 772
338 751
404 751
433 754
461 750
519 748
462 756
433 759
