0   0  
450 0  
500 1  
0   600
899 0
899 1199
0 1199
194 577
202 646
211 710
223 775
252 830
295 873
346 910
401 940
467 945
530 931
583 895
631 855
671 806
694 746
700 679
702 611
701 541
236 528
261 484
313 466
366 473
417 491
461 484
507 457
560 444
614 454
648 492
444 544
447 581
449 618
452 657
400 709
427 714
454 717
481 711
507 704
295 565
324 545
359 542
385 566
359 574
324 575
506 557
531 530
565 527
594 543
570 558
536 560
370 819
400 787
432 768
454 775
476 767
509 782
541 809
511 835
481 846
458 848
433 848
402 841
387 814
433 800
456 800
477 798
524 807
478 804
456 806
