0   0  
450 0  
500 1  
0   600
899 0
899 1199
0 1199
216 589
221 654
230 717
240 779
266 833
309 877
361 914
417 947
483 956
547 940
600 903
647 862
688 815
712 758
719 693
721 628
720 560
254 542
283 502
335 489
386 498
434 518
479 508
525 482
576 467
630 474
667 507
460 563
463 603
466 642
468 683
416 727
443 731
471 735
498 728
524 720
316 586
345 574
376 572
401 587
377 593
345 594
527 575
551 556
580 554
610 562
584 573
554 576
384 819
417 799
449 785
472 791
496 782
530 791
566 804
534 834
502 852
476 857
450 856
418 845
400 817
449 814
473 815
498 811
551 805
498 809
473 814
