0   0  
450 0  
500 1  
0   600
899 0
899 1199
0 1199
204 612
209 669
217 722
227 776
248 825
279 869
318 907
360 942
414 953
469 946
515 912
556 872
589 825
609 773
617 716
623 659
624 600
245 583
268 558
303 549
340 553
375 566
462 565
496 549
531 545
566 551
590 574
418 614
418 658
419 702
419 746
380 762
399 772
420 783
440 773
459 762
287 617
310 604
339 605
364 626
337 631
308 631
476 624
502 605
530 601
553 613
534 628
505 630
335 817
367 821
397 823
419 829
441 825
471 825
500 824
470 855
440 867
417 868
393 865
363 851
349 823
396 838
419 842
441 840
486 829
440 840
417 842
