0   0  
450 0  
500 1  
0   600
899 0
899 1199
0 1199
186 586
192 645
197 701
205 758
227 808
264 849
312 881
369 906
434 913
500 908
555 882
602 847
636 803
654 748
659 690
664 634
666 575
233 518
258 479
304 465
350 472
391 494
463 489
503 467
547 459
592 472
617 508
429 546
430 588
430 629
431 670
386 701
409 708
432 714
455 708
477 702
289 558
314 544
342 544
365 562
341 566
312 566
492 561
516 543
544 541
568 554
546 562
519 564
354 780
383 766
411 757
431 764
452 759
481 769
508 783
481 806
452 816
430 817
409 815
381 802
366 781
411 782
431 785
452 784
496 785
451 782
431 783
