0   0  
450 0  
500 1  
0   600
899 0
899 1199
0 1199
239 520
238 578
241 636
248 694
268 747
299 789
338 822
384 848
439 858
492 852
541 827
586 797
622 760
648 709
661 652
667 598
671 542
283 448
304 412
340 397
380 402
415 425
502 428
537 411
576 410
610 432
626 467
457 492
455 527
453 561
451 596
403 630
425 637
447 644
470 641
492 637
328 492
351 479
377 482
397 503
375 505
348 503
513 509
536 492
560 493
579 509
560 514
536 513
359 713
391 701
422 698
441 705
464 701
494 710
524 724
491 742
460 747
437 746
415 743
387 735
372 713
420 716
440 720
463 719
511 722
462 723
439 724
