0   0  
450 0  
500 1  
0   600
899 0
899 1199
0 1199
176 509
180 569
184 629
190 690
211 747
249 794
294 837
341 875
401 887
460 877
511 841
556 798
594 752
614 696
622 637
628 579
632 520
209 509
243 492
283 493
322 501
359 520
446 521
483 503
522 495
562 495
595 514
403 547
402 585
401 622
399 661
349 675
373 684
400 694
427 686
452 677
265 542
290 534
318 534
345 550
317 553
289 553
462 553
488 539
516 539
542 549
517 559
489 558
292 710
337 719
374 721
401 727
428 722
467 722
516 715
469 749
429 761
402 763
373 760
336 746
310 718
374 738
401 741
428 739
498 723
428 736
402 738
