0   0  
450 0  
500 1  
0   600
899 0
899 1199
0 1199
217 510
220 570
222 631
229 693
253 749
295 795
346 835
402 866
466 873
529 859
582 821
629 778
667 731
687 674
692 613
692 554
693 496
266 448
290 412
331 394
374 396
414 413
501 410
539 392
580 389
621 403
646 436
459 479
460 525
460 569
460 615
405 636
431 647
460 657
489 646
517 635
319 491
342 480
369 481
396 495
368 497
342 497
522 491
545 474
572 472
598 481
574 489
547 492
355 694
398 698
435 697
462 703
488 696
523 696
563 693
524 727
490 740
463 744
434 741
396 728
369 700
435 714
462 718
488 714
548 700
489 712
462 716
