0   0  
450 0  
500 1  
0   600
899 0
899 1199
0 1199
245 449
241 507
237 566
240 626
259 682
292 728
333 768
378 804
433 821
491 819
543 791
591 757
633 716
659 663
671 605
677 549
681 491
300 399
320 369
356 354
394 356
428 376
526 382
561 371
599 375
630 399
643 435
472 441
469 479
466 516
463 554
411 573
433 583
458 594
484 589
509 585
342 440
365 435
387 439
408 450
384 446
362 443
531 462
553 456
575 457
596 466
573 465
552 463
351 633
387 623
426 625
454 633
482 631
518 638
551 653
515 698
476 710
446 709
415 703
379 681
360 636
424 638
453 644
481 644
540 654
479 688
449 688
