0   0  
450 0  
500 1  
0   600
899 0
899 1199
0 1199
181 521
186 580
194 638
202 697
221 750
257 792
306 826
364 850
431 855
497 850
555 824
601 788
636 741
655 685
661 625
665 566
667 505
226 462
252 425
297 412
342 419
382 441
457 437
496 415
541 405
585 418
614 452
421 493
421 536
421 578
421 621
376 646
398 654
423 661
447 654
470 647
280 504
306 493
334 493
358 509
332 512
304 512
486 508
509 492
536 490
560 500
539 508
512 510
344 720
375 712
404 705
423 711
444 706
474 714
508 723
475 750
446 761
423 762
402 760
374 747
357 723
403 727
424 729
444 728
495 726
444 727
424 728
