0   0  
450 0  
500 1  
0   600
899 0
899 1199
0 1199
195 502
200 565
205 626
212 687
235 741
275 786
325 825
378 856
442 864
505 850
557 813
605 771
642 724
661 667
668 604
670 544
674 483
244 431
267 394
309 378
352 382
389 401
471 396
508 377
550 373
591 386
618 417
434 464
434 508
434 550
434 594
381 622
407 631
435 640
463 629
489 620
294 477
319 463
347 463
373 481
347 486
318 486
495 477
520 457
548 454
573 466
551 476
523 478
339 702
375 694
412 686
436 693
461 684
498 689
536 696
501 729
465 746
438 750
411 749
374 736
354 705
412 711
436 713
462 709
520 699
463 710
437 715
