0   0  
450 0  
500 1  
0   600
899 0
899 1199
0 1199
197 472
203 527
207 584
216 640
238 690
271 730
311 763
353 792
412 797
472 791
524 762
573 727
614 682
639 628
646 568
647 509
648 449
220 461
234 422
275 411
317 419
362 434
439 431
486 415
530 406
575 415
599 450
398 474
397 512
396 550
394 589
354 602
375 611
399 619
425 610
449 602
270 482
293 469
321 467
347 484
320 491
292 492
465 479
492 463
519 461
543 471
522 484
493 485
322 657
350 653
377 655
403 657
428 654
461 653
497 658
462 674
430 679
404 681
377 680
348 675
332 658
377 663
404 666
429 663
484 659
428 657
403 659
