0   0  
450 0  
500 1  
0   600
899 0
899 1199
0 1199
207 522
214 583
225 643
236 703
258 758
297 803
343 842
391 874
444 880
494 867
540 830
582 787
612 736
625 678
631 618
636 561
637 505
245 496
271 465
311 450
352 452
393 464
470 459
508 445
546 441
584 453
605 482
439 504
443 548
448 593
452 639
404 660
426 669
448 676
467 669
484 659
297 504
320 485
350 486
376 509
349 512
319 514
486 506
510 481
539 479
562 496
543 507
514 508
364 728
391 717
421 710
443 716
465 709
490 714
515 721
491 741
468 752
444 756
421 755
392 745
377 729
421 728
443 729
466 725
503 724
466 725
443 729
