0   0  
450 0  
500 1  
0   600
899 0
899 1199
0 1199
218 485
226 542
236 599
245 655
266 706
304 748
349 783
394 812
444 816
493 806
539 774
583 737
617 691
632 637
637 580
641 524
643 470
253 439
276 407
314 390
355 390
395 401
473 396
512 384
549 381
585 395
606 424
440 444
443 486
447 529
451 573
405 594
427 602
449 610
469 601
486 591
302 449
324 430
355 430
382 454
354 458
324 459
488 449
512 425
541 423
564 441
544 451
515 452
356 655
389 650
422 644
444 649
468 642
494 645
524 649
496 670
470 681
445 685
421 685
389 677
370 658
421 660
445 661
468 656
510 652
469 656
445 660
