0   0  
450 0  
500 1  
0   600
899 0
899 1199
0 1199
216 540
212 599
209 658
212 716
229 770
260 818
300 864
349 898
411 907
475 900
531 870
581 832
619 787
641 733
648 674
651 615
651 556
243 505
262 472
301 461
341 465
380 477
474 480
515 469
556 466
596 478
617 512
426 528
425 570
424 611
423 654
371 674
395 683
421 691
448 684
473 676
288 529
312 517
341 519
368 537
340 541
310 541
486 541
514 523
543 523
568 536
544 547
514 546
316 739
354 737
390 736
418 743
447 738
481 743
516 749
479 775
443 782
412 783
382 780
348 769
330 741
388 752
417 758
446 755
501 751
444 752
414 753
