0   0  
450 0  
500 1  
0   600
899 0
899 1199
0 1199
149 493
153 547
156 599
162 653
181 703
220 741
269 776
321 810
383 821
446 814
502 783
554 751
595 713
616 662
627 608
633 555
639 499
187 440
212 406
255 391
301 392
344 405
432 404
479 392
527 394
571 414
595 451
388 462
388 496
387 530
387 566
341 596
363 603
386 610
408 604
431 599
239 472
265 459
294 459
320 474
293 477
265 478
457 476
485 463
513 464
539 477
513 482
485 481
297 672
333 660
365 655
386 663
409 657
441 665
475 678
439 693
407 699
382 700
360 697
330 690
311 673
363 676
385 679
409 677
461 678
407 675
383 676
