0   0  
450 0  
500 1  
0   600
899 0
899 1199
0 1199
218 497
219 556
223 613
224 672
235 729
265 777
305 821
348 858
405 870
464 866
518 837
568 801
607 759
628 706
637 646
648 589
658 530
236 457
263 427
307 420
350 426
393 445
460 450
511 439
560 440
606 454
637 487
423 498
420 534
416 570
412 608
372 644
391 649
411 655
434 652
456 649
279 492
304 478
337 480
364 506
334 509
301 507
494 515
525 495
558 497
583 515
557 526
524 524
317 711
352 703
387 698
411 703
436 699
472 707
511 720
471 748
435 759
409 760
383 757
350 743
332 715
386 720
410 722
435 721
494 722
435 724
410 726
