0   0  
450 0  
500 1  
0   600
899 0
899 1199
0 1199
145 479
145 547
148 616
155 685
174 752
207 809
256 855
313 891
385 902
456 898
517 872
570 832
608 781
632 719
644 653
654 587
661 521
201 439
238 406
288 397
339 411
382 437
463 448
507 430
552 424
597 434
622 470
421 484
418 533
416 581
413 632
352 646
379 660
408 673
437 663
463 654
261 477
288 465
317 468
341 486
314 489
285 488
489 498
516 485
544 488
567 501
544 509
516 506
288 711
333 712
372 712
401 721
431 716
465 722
500 728
461 749
426 753
395 753
364 748
327 736
303 716
369 730
399 735
429 734
487 730
428 729
398 729
