0   0  
450 0  
500 1  
0   600
899 0
899 1199
0 1199
204 530
203 588
201 643
205 700
222 754
254 801
295 846
343 881
404 892
468 886
524 855
574 815
611 769
635 715
642 656
643 595
643 535
231 498
251 463
292 449
334 451
374 466
463 470
504 456
546 453
588 466
609 501
417 513
417 555
417 597
417 640
365 660
389 669
415 678
442 670
468 661
280 517
304 505
334 505
362 524
333 529
302 529
478 526
507 509
536 508
561 522
537 533
507 532
315 724
354 725
388 722
416 728
442 723
477 729
515 732
476 756
439 765
411 766
382 763
349 753
331 727
387 737
414 741
442 739
499 735
440 738
412 739
