0   0  
450 0  
500 1  
0   600
899 0
899 1199
0 1199
153 498
157 554
161 608
169 663
190 713
228 752
277 786
330 820
390 830
451 823
505 793
556 761
597 723
619 673
631 618
636 563
642 507
192 443
220 409
264 397
311 400
354 416
442 413
487 400
534 401
576 419
600 454
398 471
398 507
397 542
397 579
349 608
372 615
394 622
416 617
438 612
244 478
271 464
301 465
328 482
300 486
270 486
464 485
493 469
522 471
547 485
522 492
493 491
310 691
342 675
372 667
392 674
414 669
443 680
474 696
442 710
413 717
390 718
369 716
341 708
324 691
371 689
391 693
414 691
459 696
413 688
391 690
