0   0  
450 0  
500 1  
0   600
899 0
899 1199
0 1199
226 504
234 569
244 631
254 694
277 751
313 800
354 841
400 875
451 883
501 872
545 835
583 792
616 742
637 685
646 624
653 563
657 500
249 486
273 453
315 441
358 449
398 469
484 468
525 449
567 440
609 450
632 482
443 516
444 559
445 603
446 648
404 669
425 677
447 684
468 676
487 667
298 516
323 500
355 501
383 521
354 529
321 530
500 521
527 499
560 499
585 513
562 529
529 529
366 735
398 730
425 726
448 732
472 725
500 728
532 730
502 753
476 761
451 763
427 762
399 754
379 736
426 739
449 742
473 738
519 732
474 739
450 743
