0   0  
450 0  
500 1  
0   600
899 0
899 1199
0 1199
196 446
199 499
200 552
205 604
225 653
259 694
301 729
346 761
404 767
467 762
520 729
567 695
606 653
629 603
637 547
639 491
642 434
214 434
230 395
270 383
313 390
356 406
435 404
480 386
525 377
570 386
594 422
393 448
392 486
391 524
389 563
347 576
369 585
395 594
421 582
447 573
268 455
290 442
316 441
342 457
316 460
289 460
461 452
486 436
513 433
537 443
515 452
488 453
305 615
338 619
370 623
398 626
423 622
459 614
506 611
463 635
428 643
400 645
371 644
339 636
317 617
370 628
399 631
424 626
493 613
426 624
400 627
