0   0  
450 0  
500 1  
0   600
899 0
899 1199
0 1199
130 502
129 574
133 646
144 718
165 786
201 845
251 890
309 926
375 938
443 934
505 908
563 869
604 816
632 753
651 685
666 620
677 553
172 446
215 419
268 419
319 438
365 465
459 474
510 455
561 445
613 457
643 492
411 511
407 559
404 607
400 655
345 681
369 694
394 705
421 700
444 692
228 485
260 463
301 470
330 510
295 516
253 510
477 525
511 488
552 489
582 518
555 536
514 536
288 770
326 755
361 752
388 761
420 757
455 766
487 786
453 800
417 803
384 802
354 798
322 787
301 770
359 774
387 778
419 779
473 783
418 775
386 775
