0   0  
450 0  
500 1  
0   600
899 0
899 1199
0 1199
214 529
221 592
231 653
241 713
263 769
297 817
339 859
388 894
442 900
495 890
540 852
580 807
611 756
629 700
634 637
638 578
641 516
234 513
256 476
300 462
344 469
386 489
468 486
509 466
552 457
596 468
618 504
430 533
432 577
433 621
436 666
393 686
415 693
437 700
459 692
479 682
283 535
306 516
340 517
369 540
339 548
305 549
488 537
517 511
550 509
574 527
553 544
519 544
345 743
384 743
417 740
441 746
465 739
496 738
533 733
499 761
469 770
443 773
419 772
385 765
359 745
417 751
441 755
466 749
520 737
467 750
442 755
