0   0  
450 0  
500 1  
0   600
899 0
899 1199
0 1199
203 518
207 576
213 634
217 693
232 749
266 795
312 836
361 870
420 878
479 872
526 840
568 802
598 757
614 704
620 649
630 597
639 542
235 479
265 446
312 434
359 439
406 457
472 463
519 452
565 453
608 468
629 506
437 509
437 544
436 579
436 616
388 652
410 657
432 662
453 659
473 654
284 508
310 492
342 493
369 517
340 521
308 521
497 525
527 504
559 506
583 524
558 535
526 533
329 721
366 713
404 706
429 711
454 707
487 713
518 723
487 752
456 765
429 767
402 764
366 751
344 725
403 730
428 733
453 730
504 726
455 730
430 733
