0   0  
450 0  
500 1  
0   600
899 0
899 1199
0 1199
184 519
186 583
192 645
201 707
221 765
257 815
305 858
360 893
427 904
496 899
553 868
600 827
637 777
658 716
668 653
674 591
678 527
234 474
261 436
309 424
359 433
408 450
467 453
518 436
568 430
617 448
643 491
438 506
438 545
438 583
439 622
386 655
411 662
435 670
461 665
485 660
289 505
317 492
348 494
374 514
344 519
314 518
497 518
526 502
557 502
582 516
557 527
526 527
329 734
369 718
408 713
435 719
462 715
497 724
532 739
497 763
461 771
432 771
403 768
366 757
346 735
406 740
434 743
461 742
514 739
461 737
433 737
