0   0  
450 0  
500 1  
0   600
899 0
899 1199
0 1199
180 515
183 577
190 638
196 698
214 755
246 802
288 842
336 872
400 882
467 875
522 845
573 806
612 760
634 701
647 638
657 575
666 510
213 443
239 407
285 397
331 405
375 425
463 425
506 407
550 399
595 410
621 446
419 483
417 525
416 567
414 610
361 642
387 649
413 656
439 651
466 646
268 488
293 471
323 471
350 497
321 498
290 497
485 500
512 476
543 476
568 496
543 504
513 504
305 723
342 713
382 705
409 713
436 707
473 716
511 727
471 752
433 762
404 763
376 760
338 749
318 725
381 733
408 735
436 734
496 730
434 729
406 730
