0   0  
450 0  
500 1  
0   600
899 0
899 1199
0 1199
227 512
229 579
237 643
243 708
259 771
292 823
336 863
388 893
445 899
499 887
546 851
586 807
613 754
627 695
635 636
644 577
647 515
256 479
283 454
324 449
364 451
406 463
483 470
523 458
563 457
602 462
628 485
445 512
446 552
446 592
447 633
402 664
425 671
448 677
471 668
493 659
304 512
329 501
357 502
385 518
357 520
329 521
504 519
531 505
558 505
581 515
558 523
531 522
352 724
393 718
426 713
452 718
477 711
505 713
536 720
506 739
479 750
451 754
424 753
391 745
367 728
425 729
451 730
478 726
520 722
477 723
451 727
