0   0  
450 0  
500 1  
0   600
899 0
899 1199
0 1199
191 521
193 585
198 650
206 713
225 773
260 823
308 866
364 902
430 914
498 909
554 876
602 833
640 781
660 719
671 655
677 590
680 525
236 484
260 445
308 429
356 438
405 454
472 456
523 441
572 435
621 451
645 494
440 506
441 547
442 587
443 628
396 661
418 667
441 674
463 669
486 665
293 509
318 497
349 498
378 517
347 523
316 522
500 520
527 503
559 503
584 517
560 529
529 528
338 742
377 735
414 731
442 736
469 731
503 736
533 746
503 769
469 779
440 780
412 777
375 766
355 744
413 749
441 753
469 750
517 747
470 747
442 748
