0   0  
450 0  
500 1  
0   600
899 0
899 1199
0 1199
181 470
180 538
183 607
194 675
219 737
258 790
308 831
365 864
431 869
496 859
548 825
592 782
622 725
640 661
648 595
652 527
650 460
241 427
273 409
314 407
355 415
392 428
450 424
488 409
528 401
569 404
598 423
423 452
423 495
424 538
425 583
377 610
400 620
426 628
450 620
473 609
287 454
312 442
339 441
364 455
338 460
312 462
478 453
502 438
529 438
554 449
530 458
504 457
336 696
364 679
396 675
426 682
455 675
485 680
513 695
485 708
456 713
427 715
397 713
366 707
349 694
397 696
426 699
455 696
499 694
455 684
426 687
