0   0  
450 0  
500 1  
0   600
899 0
899 1199
0 1199
172 548
173 614
180 682
187 748
206 810
243 866
287 915
336 954
390 965
442 955
490 921
537 880
578 830
606 772
621 711
637 647
645 585
202 531
225 489
275 475
322 489
367 513
467 519
515 505
562 502
608 522
625 565
416 567
413 613
411 658
410 704
355 722
379 733
405 743
431 736
454 727
260 559
287 546
320 549
348 569
318 573
284 573
475 578
506 561
537 564
563 579
537 588
506 586
319 805
348 794
377 789
403 798
430 791
455 798
477 811
453 827
427 840
399 843
372 839
344 825
332 806
375 804
401 809
429 805
464 811
429 805
401 809
