0   0  
450 0  
500 1  
0   600
899 0
899 1199
0 1199
135 497
138 563
141 627
152 689
176 744
215 787
267 820
319 849
376 857
433 847
485 819
539 787
578 745
601 693
611 637
622 581
634 521
189 454
220 420
267 405
316 407
361 425
436 433
482 420
531 423
576 443
598 481
398 478
396 519
395 560
395 602
341 629
365 636
390 645
415 637
438 629
243 478
271 460
303 462
329 486
300 491
268 489
457 493
486 472
518 474
542 494
517 502
486 500
275 693
320 690
359 687
387 694
416 686
448 688
481 693
447 711
416 717
387 720
358 719
319 714
290 696
358 705
386 707
416 703
466 695
417 698
387 700
