0   0  
450 0  
500 1  
0   600
899 0
899 1199
0 1199
238 523
239 590
246 655
253 719
270 781
301 833
344 874
394 903
448 911
500 902
546 869
588 826
616 773
630 712
640 651
651 591
656 527
266 490
295 466
335 462
375 465
415 477
493 482
533 470
572 468
611 473
638 494
453 527
452 566
451 605
451 646
408 679
429 686
451 692
473 686
494 679
312 521
339 507
370 508
396 531
368 534
337 534
510 531
539 510
569 509
592 524
570 536
540 536
364 748
399 737
429 732
453 740
479 732
506 737
534 747
506 767
480 779
452 783
426 780
397 769
378 749
428 750
453 754
480 750
520 749
479 748
452 753
