0   0  
450 0  
500 1  
0   600
899 0
899 1199
0 1199
167 539
168 600
170 660
179 721
203 776
241 818
289 853
340 880
400 889
461 885
514 861
562 826
600 783
624 729
635 669
641 609
643 546
211 487
238 445
285 425
335 426
384 439
445 435
492 420
543 421
587 446
606 492
412 506
411 543
410 579
409 618
357 655
381 661
406 667
430 663
454 658
269 518
293 504
321 504
345 522
320 527
292 526
471 523
494 504
522 505
546 521
523 529
494 528
314 739
347 730
379 724
401 731
422 726
455 733
492 742
454 764
423 770
400 772
377 769
347 761
328 740
378 745
401 748
422 747
477 743
422 744
401 747
