0   0  
450 0  
500 1  
0   600
899 0
899 1199
0 1199
186 527
186 587
187 646
196 706
219 761
256 807
303 845
356 874
421 883
486 877
539 849
585 810
619 765
640 711
649 656
653 601
654 544
238 474
265 432
312 414
361 417
407 432
469 430
513 415
559 416
600 439
617 483
436 500
435 538
434 574
433 613
378 648
404 654
429 661
453 656
478 650
290 511
315 495
344 497
368 517
343 521
313 521
490 520
515 500
543 500
565 518
544 527
515 526
328 724
366 717
403 711
424 717
446 713
481 719
516 726
480 751
447 760
423 761
400 759
366 750
342 727
402 734
424 736
446 735
502 729
447 733
424 735
