0   0  
450 0  
500 1  
0   600
899 0
899 1199
0 1199
151 522
152 583
153 643
158 705
181 761
221 808
271 846
322 882
379 893
435 883
486 852
539 816
580 771
606 717
617 658
625 601
635 542
199 494
227 456
274 438
324 440
370 457
440 464
488 450
537 452
583 472
605 514
404 506
403 548
402 590
402 634
341 654
369 662
397 672
425 664
451 657
251 507
279 490
310 491
336 514
309 517
278 516
464 520
494 500
525 501
550 520
525 528
494 526
269 702
315 701
359 702
391 709
425 703
461 704
497 712
460 743
422 754
387 757
352 754
309 740
284 706
357 719
390 724
424 721
482 714
423 733
389 736
