0   0  
450 0  
500 1  
0   600
899 0
899 1199
0 1199
200 491
203 557
205 622
212 687
233 746
270 795
316 839
366 875
426 885
487 875
537 838
583 795
620 744
642 685
653 621
658 556
662 489
229 472
256 437
302 426
349 431
396 447
460 450
507 433
554 427
601 436
628 471
429 492
428 532
427 573
426 614
381 644
402 652
425 658
450 651
473 643
279 492
306 473
340 474
369 497
338 504
304 504
490 497
521 474
554 473
579 490
555 504
522 504
330 715
368 709
402 704
425 709
447 704
481 709
520 712
481 738
448 748
424 751
399 750
367 741
344 717
401 721
425 723
448 720
504 715
447 720
424 722
