0   0  
450 0  
500 1  
0   600
899 0
899 1199
0 1199
186 498
191 564
196 630
204 697
225 759
259 810
304 855
354 889
414 899
475 889
526 854
571 811
605 759
626 697
636 631
644 566
650 499
217 482
243 447
289 436
337 440
383 456
450 458
496 442
543 436
588 444
615 478
418 501
417 541
416 582
415 625
369 656
391 664
414 669
437 664
459 657
269 498
295 481
327 482
356 506
326 512
293 512
481 507
509 482
542 481
567 497
543 512
511 513
325 740
359 728
389 719
412 724
435 718
464 727
498 738
465 756
437 762
412 765
388 764
359 758
340 740
388 737
412 739
435 737
483 739
436 734
413 736
