0   0  
450 0  
500 1  
0   600
899 0
899 1199
0 1199
173 548
176 608
181 667
188 725
204 779
234 824
272 865
320 900
385 912
451 907
508 877
558 839
600 791
627 735
640 672
648 612
654 551
204 477
228 436
274 426
319 436
362 455
450 454
495 437
539 429
583 441
609 476
408 510
406 553
405 595
403 640
346 667
374 674
402 682
431 675
459 671
258 517
285 500
315 501
340 525
313 525
282 525
476 528
502 506
531 506
555 523
532 530
503 530
289 743
330 733
371 727
399 734
428 729
467 737
509 747
465 775
425 784
394 786
364 784
325 773
304 747
369 756
397 758
428 757
493 750
426 752
396 754
