0   0  
450 0  
500 1  
0   600
899 0
899 1199
0 1199
165 488
167 555
175 620
181 685
201 745
239 795
283 842
330 881
388 894
447 885
497 848
545 805
587 757
611 701
624 640
638 580
646 519
198 463
222 422
270 406
317 416
364 436
465 442
513 430
559 429
602 449
619 493
410 489
408 534
407 578
405 624
349 641
375 651
402 662
429 653
455 645
259 490
286 480
316 480
343 496
313 498
284 497
475 504
503 493
532 496
557 509
530 513
502 510
301 707
338 701
372 699
402 707
430 701
460 706
491 713
459 738
427 753
398 756
367 752
334 736
316 712
370 720
401 725
429 721
476 717
428 718
400 720
