   3.7100000e+02   6.0200000e+02
   3.0600000e+02   5.7400000e+02
   2.4000000e+02   5.0000000e+02
   2.2000000e+02   4.5100000e+02
   2.0700000e+02   3.3000000e+02
   2.2700000e+02   2.4100000e+02
   2.7200000e+02   1.6200000e+02
   4.4400000e+02   1.7100000e+02
   5.0100000e+02   2.5400000e+02
   5.1500000e+02   3.3400000e+02
   5.1200000e+02   4.4300000e+02
   4.9600000e+02   5.0300000e+02
   4.4700000e+02   5.7300000e+02
   2.0300000e+02   4.4600000e+02
   1.8700000e+02   3.9400000e+02
   1.7800000e+02   3.4200000e+02
   1.8200000e+02   2.3700000e+02
   2.3100000e+02   1.2200000e+02
   3.1800000e+02   6.2000000e+01
   4.3300000e+02   8.1000000e+01
   5.2400000e+02   1.9400000e+02
   5.4400000e+02   2.7300000e+02
   5.3400000e+02   3.3700000e+02
   5.5100000e+02   3.8800000e+02
   5.2600000e+02   4.4000000e+02
   3.6200000e+02   3.1800000e+02
   3.6400000e+02   4.3100000e+02
   3.1900000e+02   4.0800000e+02
   4.1100000e+02   4.0600000e+02
   3.6800000e+02   4.5800000e+02
   3.0000000e+02   4.6400000e+02
   3.4900000e+02   5.0500000e+02
   3.9900000e+02   5.0700000e+02
   4.3700000e+02   4.6600000e+02
   3.8100000e+02   5.0600000e+02
   2.9200000e+02   3.2600000e+02
   4.3200000e+02   3.2600000e+02
   2.4200000e+02   3.2800000e+02
   2.8200000e+02   2.9000000e+02
   3.3700000e+02   3.0200000e+02
   3.9100000e+02   3.0200000e+02
   4.3900000e+02   2.9100000e+02
   4.8600000e+02   3.2600000e+02
