   3.6882740e+02   5.6356050e+02
   2.9324021e+02   5.3281317e+02
   2.5096263e+02   4.9053559e+02
   2.4071352e+02   4.2391637e+02
   2.3302669e+02   3.2526868e+02
   2.4071352e+02   2.7274199e+02
   2.7914769e+02   2.1765302e+02
   4.8156762e+02   2.1893416e+02
   5.0334698e+02   2.7146085e+02
   5.1359609e+02   3.2526868e+02
   5.0206584e+02   4.2263523e+02
   4.8797331e+02   4.8925445e+02
   4.4697687e+02   5.3153203e+02
   2.2533986e+02   4.1494840e+02
   2.1509075e+02   3.6754626e+02
   2.1380961e+02   3.2142527e+02
   2.1765302e+02   2.6249288e+02
   2.2533986e+02   1.9715480e+02
   3.0220819e+02   1.1516192e+02
   4.6747509e+02   1.1644306e+02
   5.2128292e+02   1.9459253e+02
   5.3153203e+02   2.8939680e+02
   5.3409431e+02   3.1758185e+02
   5.3537544e+02   3.6882740e+02
   5.2256406e+02   4.1110498e+02
   3.6882740e+02   3.4064235e+02
   3.6370285e+02   3.8932562e+02
   3.3039324e+02   3.9957473e+02
   4.0341815e+02   4.0213701e+02
   3.6882740e+02   4.4825801e+02
   3.1245730e+02   4.5722598e+02
   3.5345374e+02   4.7131851e+02
   3.9060676e+02   4.7388078e+02
   4.3800890e+02   4.5978826e+02
   3.7010854e+02   4.7516192e+02
   3.0220819e+02   3.3808007e+02
   4.3672776e+02   3.3167438e+02
   2.4583808e+02   3.2270641e+02
   2.9067794e+02   3.0092705e+02
   3.2398754e+02   3.2014413e+02
   3.9829359e+02   3.1630071e+02
   4.4057117e+02   2.9580249e+02
   4.8156762e+02   3.0861388e+02
