   4.0274490e+02   5.8886735e+02
   3.3294898e+02   5.6805102e+02
   2.6315306e+02   5.0070408e+02
   2.4356122e+02   4.4315306e+02
   2.4968367e+02   3.4274490e+02
   2.9254082e+02   2.6192857e+02
   3.4152041e+02   1.8723469e+02
   4.8723469e+02   1.8723469e+02
   5.3866327e+02   2.6437755e+02
   5.4478571e+02   3.5988776e+02
   5.3743878e+02   4.5050000e+02
   5.0927551e+02   5.0315306e+02
   4.5539796e+02   5.6805102e+02
   2.1784694e+02   4.3825510e+02
   2.0805102e+02   3.7947959e+02
   2.0192857e+02   3.2682653e+02
   2.1172449e+02   2.2274490e+02
   2.8886735e+02   1.2601020e+02
   3.5131633e+02   9.0500000e+01
   4.6152041e+02   9.7846939e+01
   5.5458163e+02   1.9580612e+02
   5.8274490e+02   2.8764286e+02
   5.8886735e+02   3.2560204e+02
   5.8274490e+02   3.8192857e+02
   5.6805102e+02   4.4315306e+02
   4.3825510e+02   3.5621429e+02
   4.4682653e+02   4.4192857e+02
   3.9050000e+02   4.3335714e+02
   4.6641837e+02   4.4315306e+02
   4.2356122e+02   4.7988776e+02
   3.5254082e+02   4.8601020e+02
   3.9907143e+02   5.1784694e+02
   4.3335714e+02   5.2274490e+02
   4.7866327e+02   4.9580612e+02
   4.2356122e+02   5.3376531e+02
   3.4764286e+02   3.4396939e+02
   4.9335714e+02   3.5988776e+02
   2.9254082e+02   3.4029592e+02
   3.4519388e+02   2.9988776e+02
   3.9539796e+02   3.1458163e+02
   4.6886735e+02   3.3539796e+02
   5.1662245e+02   3.1703061e+02
   5.5458163e+02   3.4029592e+02
