   3.6000000e+02   6.0600000e+02
   2.8900000e+02   5.7600000e+02
   2.4500000e+02   5.0900000e+02
   2.2400000e+02   4.3200000e+02
   2.1900000e+02   3.4200000e+02
   2.4300000e+02   2.6800000e+02
   3.0600000e+02   2.2700000e+02
   4.1300000e+02   2.2300000e+02
   4.8900000e+02   2.6700000e+02
   5.1600000e+02   3.4100000e+02
   5.1500000e+02   4.3300000e+02
   4.9600000e+02   5.1200000e+02
   4.4700000e+02   5.7500000e+02
   2.1400000e+02   4.2600000e+02
   1.7900000e+02   3.7300000e+02
   1.6400000e+02   3.1400000e+02
   1.8900000e+02   1.9900000e+02
   2.4200000e+02   1.2300000e+02
   3.1500000e+02   7.4000000e+01
   4.4500000e+02   7.8000000e+01
   5.1700000e+02   1.3400000e+02
   5.6400000e+02   2.1100000e+02
   5.8800000e+02   3.1000000e+02
   5.8200000e+02   3.6900000e+02
   5.4300000e+02   4.1500000e+02
   3.6100000e+02   3.3300000e+02
   3.6300000e+02   4.3100000e+02
   3.2300000e+02   4.2400000e+02
   4.0300000e+02   4.2200000e+02
   3.6500000e+02   4.7400000e+02
   2.9900000e+02   4.7800000e+02
   3.3300000e+02   5.0600000e+02
   3.8600000e+02   5.0700000e+02
   4.2900000e+02   4.7600000e+02
   3.6600000e+02   5.1000000e+02
   2.9300000e+02   3.3300000e+02
   4.3700000e+02   3.3000000e+02
   2.3500000e+02   3.0800000e+02
   2.8300000e+02   2.9300000e+02
   3.3300000e+02   3.0800000e+02
   3.9000000e+02   3.0800000e+02
   4.3800000e+02   2.9200000e+02
   4.8600000e+02   2.9200000e+02
