   3.6810000e+02   5.9850000e+02
   2.9880000e+02   5.7240000e+02
   2.5200000e+02   5.0040000e+02
   2.3490000e+02   4.4640000e+02
   2.2680000e+02   3.3570000e+02
   2.2680000e+02   2.5110000e+02
   2.7180000e+02   1.6380000e+02
   4.3110000e+02   1.6560000e+02
   4.8150000e+02   2.2230000e+02
   4.8780000e+02   3.3480000e+02
   4.8240000e+02   4.4820000e+02
   4.6440000e+02   5.1660000e+02
   4.2750000e+02   5.6700000e+02
   2.1240000e+02   4.3470000e+02
   2.0430000e+02   3.9240000e+02
   1.9800000e+02   3.3210000e+02
   1.9170000e+02   2.2770000e+02
   2.3130000e+02   1.2960000e+02
   3.1140000e+02   4.9500000e+01
   4.2750000e+02   6.5700000e+01
   4.9680000e+02   1.4580000e+02
   5.2740000e+02   2.6010000e+02
   5.1300000e+02   3.3210000e+02
   5.0760000e+02   3.8880000e+02
   5.0310000e+02   4.3110000e+02
   3.6360000e+02   3.3930000e+02
   3.6720000e+02   4.3650000e+02
   3.2490000e+02   4.1940000e+02
   4.0410000e+02   4.1850000e+02
   3.6540000e+02   4.8150000e+02
   3.0060000e+02   4.7250000e+02
   3.4290000e+02   5.0670000e+02
   3.8160000e+02   5.0490000e+02
   4.2660000e+02   4.7070000e+02
   3.6810000e+02   5.1300000e+02
   2.9610000e+02   3.3570000e+02
   4.2750000e+02   3.4020000e+02
   2.5650000e+02   3.4110000e+02
   2.7990000e+02   3.0600000e+02
   3.2850000e+02   3.1140000e+02
   4.0410000e+02   3.1320000e+02
   4.4100000e+02   3.0420000e+02
   4.7160000e+02   3.1140000e+02
