   3.5460000e+02   5.7240000e+02
   2.8620000e+02   5.4360000e+02
   2.3310000e+02   4.7790000e+02
   2.2410000e+02   4.4730000e+02
   2.1330000e+02   3.4380000e+02
   2.3490000e+02   2.0070000e+02
   2.7540000e+02   1.5120000e+02
   4.3470000e+02   1.5030000e+02
   4.8240000e+02   1.9980000e+02
   4.9950000e+02   3.3660000e+02
   4.8960000e+02   4.5000000e+02
   4.8060000e+02   4.8150000e+02
   4.2570000e+02   5.4090000e+02
   2.1150000e+02   4.4190000e+02
   1.9980000e+02   4.0050000e+02
   2.0160000e+02   3.6180000e+02
   2.0070000e+02   2.1150000e+02
   2.1060000e+02   9.7200000e+01
   2.8710000e+02   4.5900000e+01
   4.1130000e+02   4.4100000e+01
   4.8420000e+02   1.1790000e+02
   5.2830000e+02   2.6190000e+02
   5.1750000e+02   3.6000000e+02
   5.2650000e+02   3.9960000e+02
   5.0310000e+02   4.5090000e+02
   3.4110000e+02   2.9160000e+02
   3.4380000e+02   3.5640000e+02
   3.0420000e+02   3.7350000e+02
   3.8610000e+02   3.7170000e+02
   3.5010000e+02   4.2030000e+02
   2.9070000e+02   4.4280000e+02
   3.3120000e+02   4.5090000e+02
   3.7080000e+02   4.5090000e+02
   4.1580000e+02   4.4550000e+02
   3.5010000e+02   4.5450000e+02
   2.7720000e+02   2.9700000e+02
   4.2300000e+02   3.0060000e+02
   2.2770000e+02   2.8440000e+02
   2.6280000e+02   2.5380000e+02
   3.1230000e+02   2.6010000e+02
   3.8520000e+02   2.5920000e+02
   4.3470000e+02   2.5110000e+02
   4.7520000e+02   2.8350000e+02
