   3.3600000e+02   5.6800000e+02
   2.6700000e+02   5.3600000e+02
   2.2800000e+02   4.8200000e+02
   2.0800000e+02   4.1600000e+02
   2.0100000e+02   3.3600000e+02
   2.1100000e+02   2.4800000e+02
   2.6700000e+02   1.5600000e+02
   4.2300000e+02   1.5600000e+02
   4.6800000e+02   2.4800000e+02
   4.8300000e+02   3.3500000e+02
   4.8100000e+02   4.2800000e+02
   4.6100000e+02   4.8100000e+02
   4.1900000e+02   5.3600000e+02
   2.0100000e+02   4.3200000e+02
   1.8100000e+02   3.7700000e+02
   1.7500000e+02   3.3100000e+02
   1.6800000e+02   2.3100000e+02
   2.1900000e+02   1.2600000e+02
   2.7900000e+02   7.9000000e+01
   4.1300000e+02   9.3000000e+01
   5.0800000e+02   1.8000000e+02
   5.1800000e+02   2.6600000e+02
   5.0700000e+02   3.1600000e+02
   5.1200000e+02   3.7200000e+02
   5.0000000e+02   4.1100000e+02
   3.3300000e+02   3.0800000e+02
   3.3200000e+02   3.9300000e+02
   2.9300000e+02   3.8900000e+02
   3.7000000e+02   3.8400000e+02
   3.3400000e+02   4.3400000e+02
   2.7800000e+02   4.5300000e+02
   3.1300000e+02   4.7700000e+02
   3.6300000e+02   4.7700000e+02
   4.0064085e+02   4.5219014e+02
   3.4740141e+02   4.7838732e+02
   2.7219014e+02   3.1106338e+02
   4.0148592e+02   3.0768310e+02
   2.1641549e+02   2.9754225e+02
   2.4768310e+02   2.6796479e+02
   2.9331690e+02   2.7050000e+02
   3.6852817e+02   2.6627465e+02
   4.2176761e+02   2.6373944e+02
   4.5810563e+02   2.8317606e+02
