   3.3000000e+02   6.4200000e+02
   2.6900000e+02   6.1600000e+02
   1.9300000e+02   5.2900000e+02
   1.6200000e+02   4.5500000e+02
   1.6000000e+02   3.5000000e+02
   1.8700000e+02   2.7700000e+02
   2.2700000e+02   2.4200000e+02
   4.3600000e+02   2.0400000e+02
   4.7200000e+02   2.7200000e+02
   5.0100000e+02   3.4000000e+02
   4.9700000e+02   4.5200000e+02
   4.7200000e+02   5.1300000e+02
   4.0200000e+02   6.0800000e+02
   1.5400000e+02   4.4900000e+02
   1.3800000e+02   4.0100000e+02
   1.4700000e+02   3.3500000e+02
   1.2000000e+02   2.0400000e+02
   1.8200000e+02   1.0900000e+02
   2.5700000e+02   6.5000000e+01
   4.0600000e+02   5.4000000e+01
   5.1500000e+02   1.4000000e+02
   5.3300000e+02   2.7600000e+02
   5.1500000e+02   3.3400000e+02
   5.1800000e+02   3.9700000e+02
   5.0900000e+02   4.4700000e+02
   3.2700000e+02   3.5500000e+02
   3.3600000e+02   4.6500000e+02
   2.9100000e+02   4.6100000e+02
   3.7000000e+02   4.5800000e+02
   3.3300000e+02   5.3400000e+02
   2.6800000e+02   5.3400000e+02
   3.1500000e+02   5.6200000e+02
   3.6000000e+02   5.5800000e+02
   4.0100000e+02   5.3000000e+02
   3.3500000e+02   5.6200000e+02
   2.5600000e+02   3.5500000e+02
   4.0700000e+02   3.5300000e+02
   1.9300000e+02   3.3000000e+02
   2.4700000e+02   3.1100000e+02
   3.0300000e+02   3.2400000e+02
   3.5200000e+02   3.2700000e+02
   4.2400000e+02   3.0800000e+02
   4.7200000e+02   3.2700000e+02
