   3.6425000e+02   6.1625000e+02
   3.0875000e+02   5.9075000e+02
   2.5025000e+02   5.1125000e+02
   2.3375000e+02   4.5275000e+02
   2.2625000e+02   3.6575000e+02
   2.3225000e+02   2.9225000e+02
   2.6525000e+02   1.8725000e+02
   4.3775000e+02   1.8575000e+02
   4.9175000e+02   2.8925000e+02
   5.0075000e+02   3.6275000e+02
   4.9475000e+02   4.5125000e+02
   4.7825000e+02   5.0975000e+02
   4.2425000e+02   5.9075000e+02
   2.2175000e+02   4.3025000e+02
   1.9475000e+02   3.8525000e+02
   1.9775000e+02   3.1775000e+02
   1.9925000e+02   2.7875000e+02
   2.3225000e+02   1.5275000e+02
   3.0125000e+02   9.8750000e+01
   4.2425000e+02   9.4250000e+01
   4.8725000e+02   1.5125000e+02
   5.2625000e+02   2.7725000e+02
   5.2625000e+02   3.1475000e+02
   5.2625000e+02   3.8375000e+02
   5.0825000e+02   4.3025000e+02
   3.5975000e+02   3.5675000e+02
   3.5975000e+02   4.4825000e+02
   3.2075000e+02   4.3475000e+02
   4.0175000e+02   4.3475000e+02
   3.6125000e+02   4.8425000e+02
   2.9075000e+02   4.7975000e+02
   3.3725000e+02   5.2775000e+02
   3.8375000e+02   5.2775000e+02
   4.3325000e+02   4.7975000e+02
   3.6125000e+02   5.3375000e+02
   3.0125000e+02   3.4775000e+02
   4.2575000e+02   3.4775000e+02
   2.4125000e+02   3.3425000e+02
   2.7125000e+02   3.1475000e+02
   3.2675000e+02   3.2075000e+02
   3.9425000e+02   3.1775000e+02
   4.4975000e+02   3.1175000e+02
   4.7675000e+02   3.2825000e+02
