   3.8336996e+02   5.8731614e+02
   3.2632960e+02   5.7547758e+02
   2.6606054e+02   5.3350448e+02
   2.3592601e+02   4.9045516e+02
   2.1870628e+02   4.0543274e+02
   2.2731614e+02   3.3440135e+02
   2.4776457e+02   2.6875112e+02
   5.0067937e+02   2.6121749e+02
   5.0713677e+02   3.3117265e+02
   5.1467040e+02   3.9144170e+02
   4.9852691e+02   4.8399776e+02
   4.7700224e+02   5.2919955e+02
   4.3180045e+02   5.7224888e+02
   2.2085874e+02   4.8937892e+02
   1.9825785e+02   4.5063453e+02
   1.8857175e+02   4.1189013e+02
   1.8211435e+02   3.3117265e+02
   2.1224888e+02   2.0094843e+02
   3.0588117e+02   1.2561211e+02
   4.4471525e+02   1.2991704e+02
   5.3834753e+02   2.8919955e+02
   5.4372870e+02   3.6023094e+02
   5.3189013e+02   4.0220404e+02
   5.2220404e+02   4.4094843e+02
   5.0928924e+02   4.7646413e+02
   3.8336996e+02   3.6345964e+02
   3.8982735e+02   4.3233857e+02
   3.4247309e+02   4.3341480e+02
   4.2534305e+02   4.3126233e+02
   3.8552242e+02   4.7538789e+02
   3.2202466e+02   4.8399776e+02
   3.6076906e+02   5.0552242e+02
   4.0597085e+02   5.0336996e+02
   4.3610538e+02   4.8507399e+02
   3.9628475e+02   5.1090359e+02
   3.0695740e+02   3.6345964e+02
   4.4686771e+02   3.6130717e+02
   2.4884081e+02   3.5592601e+02
   2.9942377e+02   3.3332511e+02
   3.4570179e+02   3.3224888e+02
   4.2426682e+02   3.3440135e+02
   4.7269731e+02   3.2902018e+02
   5.0283184e+02   3.3763004e+02
