   3.6700000e+02   6.3000000e+02
   2.8900000e+02   5.9600000e+02
   2.3600000e+02   5.3600000e+02
   2.0700000e+02   4.4900000e+02
   2.0700000e+02   3.4100000e+02
   2.2300000e+02   2.3900000e+02
   2.8600000e+02   1.6400000e+02
   4.3400000e+02   1.7100000e+02
   5.0500000e+02   2.4900000e+02
   5.1800000e+02   3.5100000e+02
   5.1900000e+02   4.5800000e+02
   4.8900000e+02   5.4100000e+02
   4.3500000e+02   5.9900000e+02
   2.0100000e+02   4.4300000e+02
   1.9400000e+02   4.0600000e+02
   1.9700000e+02   3.4200000e+02
   1.9500000e+02   2.6400000e+02
   2.4000000e+02   1.5000000e+02
   3.3000000e+02   9.6000000e+01
   4.2400000e+02   9.8000000e+01
   5.1900000e+02   1.8500000e+02
   5.3500000e+02   3.0500000e+02
   5.3800000e+02   3.5400000e+02
   5.3100000e+02   3.9000000e+02
   5.2800000e+02   4.3700000e+02
   3.6300000e+02   3.5100000e+02
   3.6300000e+02   4.5700000e+02
   3.1100000e+02   4.3200000e+02
   4.0900000e+02   4.3300000e+02
   3.6100000e+02   4.7800000e+02
   2.8400000e+02   4.9300000e+02
   3.3500000e+02   5.4400000e+02
   3.8400000e+02   5.4800000e+02
   4.4200000e+02   4.9200000e+02
   3.6900000e+02   5.5300000e+02
   2.8700000e+02   3.5500000e+02
   4.2900000e+02   3.5800000e+02
   2.2300000e+02   3.5900000e+02
   2.6000000e+02   3.0800000e+02
   3.3300000e+02   3.2400000e+02
   3.9600000e+02   3.2200000e+02
   4.6700000e+02   3.2100000e+02
   4.9400000e+02   3.5900000e+02
