   0               0
   360             0
   400             1
   0               360
   719             360
   360             719
   0               719
   719             0
   719             360
   719             719
   3.7440000e+02   6.2100000e+02
   2.9250000e+02   6.1650000e+02
   2.4390000e+02   5.2920000e+02
   2.2590000e+02   4.5720000e+02
   2.2680000e+02   3.7980000e+02
   2.2860000e+02   2.5470000e+02
   2.6910000e+02   1.8360000e+02
   4.4460000e+02   1.8180000e+02
   4.8690000e+02   2.4750000e+02
   5.0130000e+02   3.7170000e+02
   5.0670000e+02   4.4100000e+02
   4.9410000e+02   5.2200000e+02
   4.4640000e+02   5.8770000e+02
   2.1870000e+02   4.4190000e+02
   2.0970000e+02   3.9870000e+02
   2.0700000e+02   3.3660000e+02
   1.7730000e+02   2.3310000e+02
   2.4660000e+02   1.2150000e+02
   3.2670000e+02   8.3700000e+01
   4.7880000e+02   7.8300000e+01
   5.3730000e+02   1.3500000e+02
   5.5440000e+02   2.5470000e+02
   5.2470000e+02   3.3480000e+02
   5.3010000e+02   3.7800000e+02
   5.1840000e+02   4.1940000e+02
   3.6180000e+02   3.7620000e+02
   3.6360000e+02   4.7250000e+02
   3.1680000e+02   4.5360000e+02
   4.0320000e+02   4.4820000e+02
   3.6270000e+02   5.0580000e+02
   2.9070000e+02   5.0940000e+02
   3.3480000e+02   5.3370000e+02
   3.8340000e+02   5.3100000e+02
   4.3560000e+02   5.0490000e+02
   3.6720000e+02   5.3100000e+02
   2.9340000e+02   3.7620000e+02
   4.3110000e+02   3.7260000e+02
   2.3700000e+02   3.4700000e+02
   2.8080000e+02   3.3930000e+02
   3.2400000e+02   3.4650000e+02
   4.0860000e+02   3.4020000e+02
   4.5000000e+02   3.3300000e+02
   4.8510000e+02   3.5190000e+02